shetran-prepare-snow/examples/foston100m/demAsciiFoston_Beck_at_Foston_Mill.txt
ncols        120
nrows        150
xllcorner    498000.000000000000
yllcorner 455000.000000000000
cellsize 100.000000000000
NODATA_value -9999
[rows 38 to 75 of 150, columns 0 to 85 of 120]
150.5 155.5 159 161 161.75 162.5 162.75 161.75 160.5 159.75 157 155 153 151.75 150 148 145.75 143.75 141.5 138.5 133.5 129.75 124.5 119.25 114.25 109 104.25 99.25 94.5 89.5 84.5 77.75 67.25 57 58.5 61.5 71.25 83 86 85.25 82.25 73.5 64 81.25 87 89 90.75 92.25 93.5 94.5 95.25 94.25 93 98.25 100.25 101 102 102 102 102.25 102.75 103 103 103 103 103 103 103 103 103 103 102.5 102.25 101 100 97 93.75 90.75 87 83.75 81.5 78.25 74.5 72 67.25 61.5
146 151.5 156.75 159 160.5 161.5 161.5 161.5 160.5 159.25 156.75 155.75 154 152.25 151 149 146.75 144 141 136.25 131 125.5 119.75 113.25 107.5 102.5 96.75 93 89.25 84.75 82.25 73.25 65.25 59 61.75 56.25 57.25 73.25 80 79.5 77.25 70.5 63 76.75 80.25 81.25 82.5 84 85.5 87 87.75 87.25 91.5 95.75 99.75 100.75 101 101 101 101.5 101.5 101.75 102 102.25 102.5 102.5 102.5 102.5 102.5 103 103 103 103 102.5 101.5 100 97.75 95 92.75 90.25 87.5 84 80 76 71.75 66.5
140.75 147.25 151.25 154.75 156.75 157.5 157.5 156.75 156.25 155.25 154.5 153.75 152 151.25 150.5 149 146 143 140 134 127.5 120 111 103.75 97.25 88 80.25 77 75 69.75 66.25 68.5 73.75 76.25 76.5 66.5 54.5 58 68.75 69.5 70.25 64.25 58 69 71 71.5 73 74.75 76.75 79.5 79 84.5 91.25 93 95.75 97.75 99.25 99.75 100 98.75 99 99.75 100.5 101.5 101.5 101.5 101.5 101.5 101.75 102 102 102.25 102.5 102.25 101.25 100.5 99.5 97.25 95 92.25 89.5 87 83 78.75 74 68.75
139.75 144 146.25 148.5 151.25 153 153.5 153.5 152.75 152.5 151.75 150.75 150 149.5 148.5 146 143.25 140.75 137 131.75 123.25 114.5 101.5 89.25 76.75 71 72.5 72 73.25 75 80.5 85.25 85.5 84 77.25 62.75 61 55.5 52.5 53 53.75 52.5 50.5 54.75 55.5 58 62 64.25 69 73 70.5 82 87.5 88.75 90 92 94.5 95.5 95 93.25 94.25 95.75 96.75 98.25 99 98.25 98 98 99.5 100.5 100.5 100.5 100.5 100.5 100.5 99.75 99 97 95 92.25 89.5 86.25 82.75 79 74.25 68.25
138 140.75 141.25 145 147.5 149.5 150.5 150.5 150 149.5 148 147 147 146.5 145 142.75 140 136.5 131.75 126.5 118.25 109.25 96.25 79.25 80 92 93 93 93.25 93 93 92.5 89.25 83.25 71.25 67.75 73 73 68.25 65 61 58 55.5 51.25 49.75 48.25 48.5 53.5 63 67.25 65 76.5 79.5 79.75 80.75 84.75 87.5 88 86 87 89 90.25 91.5 92.5 93.25 92.25 92 92.25 93.5 96 96.75 97.5 97.5 98 98 97.5 96.75 95.25 93.75 91.25 88.25 84.5 81.5 77.25 72.5 67
133.25 135.5 139.25 141.5 143.5 145.5 146.75 147 146.5 145 143 142.75 143.5 143 142 140 136.5 131 125.75 119 110.25 99.75 85.25 80.75 100 103.25 103.75 102.5 101 100 97.75 93.75 88.5 78 70.5 78.5 83 85.5 86.5 86 85.5 83.75 77.75 72.5 66 58 50 47.75 55.25 61 59 69 70 67 70.75 76.25 79 79.75 76.75 81.25 82 83 84.25 85.25 85.75 85 84.25 84.75 87 90 91 92 92.5 93.25 93.75 93.75 93 93 91.5 88.25 85 81.75 78.75 73.25 68.75 63.25
120.75 130.5 138.25 140.25 140 140.75 142 142.75 141.5 140 137.5 139.25 140 140.5 139.25 136.25 131.5 124 113.25 103.5 94.75 89 80.25 98.5 108.25 110.75 111 109.5 106.5 103 98.75 92 81 79.75 84.25 89 92.5 94.25 94.5 93.75 91.75 90.25 85 79.25 72 64.75 56.5 49 47.75 51 53.75 58.25 58 54.5 59.5 65.75 69.75 69.25 70.25 75.5 75.25 76 76 77 77 76.75 75.75 77.75 81 83.5 84.25 85 85.5 87 87.75 88.5 88.25 87 85.5 83 80.5 77.75 72.75 67.75 63.25 58.75
115.5 131 135 137 135.75 135.5 137 137.5 136.5 133.25 131.25 135 137 138.5 137.25 135 130.5 123 112.25 107.75 100 88 98 110 114 115 113.75 111.5 108.5 103.5 95.5 90 90.25 93 95.5 98.25 99.75 100 100 98.75 95.75 92.5 87 77.75 68.75 59.75 54 48.75 46.25 46.25 46.25 47.25 46.5 47.5 47.75 50.75 56.75 58.25 65.75 70.75 68.5 67.75 68 69 69.25 68 68.25 71.25 73.75 75.75 76.25 76.75 77.25 78.25 79 79.75 79.75 79 77.5 75.5 73.25 70 65.75 61.25 58 53.5
129 130.75 131.75 133 130.25 129.5 131 132.5 130.25 124.25 128.25 131.75 135.25 136.75 136.5 134.5 130.75 127.75 122.5 118 110.25 99.25 108.5 115.25 118.5 119 116.25 111.25 108.75 106.5 100 97.75 100.5 102.5 103.75 104.75 104.75 104.25 103 101 98.5 94 86.75 75.5 66.75 61 57.75 53.25 50 47 46 45 44.25 43.25 42.5 42.5 43.75 49.25 58.75 61.25 61.25 58.25 59 60.25 60.25 59.25 61.5 64.75 65.75 67 67 67.5 68.25 68.25 68.75 69.75 71 70.5 68.5 66.5 64.75 62.25 58.25 55 51.75 48.5
127.25 128.25 127.75 127.75 124.75 123.25 124.5 125.25 122 119 124.75 132 133.75 135.25 136 135.5 133.75 131.75 129.5 125.25 119.25 112 112 119.5 121.75 121.5 119.5 117 114.25 112 110.25 108.25 108 109 110 109.5 108.25 107 104.5 102.5 100 93.75 84.5 80.25 75.75 71.75 66.75 61.75 58.5 54.5 52.25 50.5 49.5 48.25 45 42.25 40.75 44.25 47.5 51.5 53.25 51.75 50.75 51.5 51.25 53.25 56.25 58 57.75 59 58 58.5 59 59.5 60 61.5 62 61.25 60.5 58.75 56.5 54.5 52 49.5 47 44.5
124.75 125 123.25 122 118.75 115.5 118 117.5 111.75 120 129.75 132.5 133 134.25 135.25 135.75 135.5 134.75 133.5 130.25 126.25 122 118.5 121.75 125.25 125.5 122.75 120.75 120.25 117.5 115.75 114 113 112.5 112.5 112 111 109 105.75 102.5 99.75 94.5 91 89.25 85 81.5 77.25 73.5 70 66 62.75 59.25 57.5 56 53 48.5 44 41 40.25 44 45.25 46.75 47.25 48.5 49 49.75 51.75 51.75 51.5 51 50.5 51.5 51.75 51.75 52.75 53.25 53.25 53 52.75 51.75 49.5 47.75 46.75 45.5 43.5 41.5
121 119.75 117.25 114.25 110 106.25 111.25 110 106.75 121.75 127.25 130.25 131.5 133 135 137.25 138 138 137.75 134.5 131 129 127 127.5 128.75 128.75 125.75 124 123 121 119.75 117.75 116 114.5 113.75 113.25 111.75 110.25 106.75 103 100.25 99.25 97 95.5 92 89.5 86.5 84 80.5 77 73.5 69.75 66.75 63.5 59.5 55 49.25 45.5 40.5 39.25 38.75 40.75 41.25 42.25 45 46.5 47.5 47 47 45.75 45.75 46.75 46.75 45.75 47.25 47.5 47 47.5 46.75 45.5 44.25 43 42 41.75 40.25 39
112.5 112 108 102 95.75 93.75 95.75 96 98.75 110.75 121.25 123.25 127.5 131.25 134.25 138 140.25 140.5 140.5 139 136.75 134.5 132.5 131.75 131.25 130.25 129.25 125.75 124 122.25 121 119.5 117.5 115.5 114.25 113.25 112 110.5 107.25 104.25 102.5 101.5 101.25 100.25 98.25 96 94 92 89 86 82.25 78.25 74.75 70.25 65 60 54.5 50.5 46 42 39.75 37.5 38 38.5 40.5 42.5 43 43 43.5 42 40.5 42.5 42.5 41.25 42.5 43 43.5 43.5 42.25 40.75 40 39.75 38.5 38.75 37.75 37
100.25 98.75 90.5 87.75 94.75 99.75 106.5 111.75 113 107.5 111 113.5 121.75 129 133.75 138.25 141.25 141.75 141.75 141 139 137.75 136.5 134 132.5 130.5 128.5 126.5 124.25 122 120.25 118.25 116 114.25 113.25 112.25 111.5 110 106.25 104 103.75 103.5 103.5 103.5 102.25 101 99.5 97.5 94.25 91.25 88.25 83.75 80.5 75.75 69.5 63.75 58.5 53.25 48.5 44.25 41.75 38.75 37.25 36.25 37.25 39 39.5 39.25 40.75 39 38 39.25 39 37.75 39.5 40 40.25 40.25 39 37.75 37.25 36.25 36 35.75 35.5 34.5
79 83.25 91 103.25 110 116.25 120.5 124.25 125.5 125.5 125.75 126 129 131.75 137 139.25 142 143.25 143.5 142.75 141 140 139 136 133.5 130.75 128.25 125.25 123 121 118.75 115.75 113.75 112.5 111.25 110 108.75 106.75 104.75 105 105.75 106 106 105.5 104.5 103 102.25 101 98.5 95 91.5 88 83.25 77.25 70 63 57 50.25 48 46 44.25 41.5 39.5 37.5 36 35 35.25 35.5 36.5 35.5 35 35 35 35 35.75 36.25 36.75 37.5 36.5 35.5 34.5 33.5 33 33.5 33.5 33
94.5 101 106.5 112.25 119.75 126.75 129.75 132.75 133.5 133.5 133.75 135 135.5 137.25 140.25 142.5 144 144.5 144.5 143.75 142.5 141.25 140.5 137.75 133.75 130.5 126.75 123.5 120.25 117.75 115 112 110.25 109.5 107.5 106.25 104.75 104 104 106.25 109.25 109.5 109.75 108 106.5 105 103.5 102 100.5 97.25 92.5 88.75 81.75 73.25 68.5 61 57.25 52.5 50.5 48.75 47.75 46.5 45 43 39.75 37.5 35.75 34.25 32.75 32.5 32.25 32.5 32.25 32.5 32.5 32.75 33.75 34.5 34.5 33.75 32.5 31.5 30 31.25 31.5 31.75
99.5 108 114.25 120.5 128 132.5 136.25 138.5 139 139 140 141 141 142 144.25 145.5 146.25 145.75 145 144.5 143 141.5 139.25 135.75 132 128.25 124 120.75 117 114 111.5 108.5 106.5 105 103.5 102.25 102.5 102.75 104.5 107.75 110 110 110 109.5 108 107 104.75 103 100.75 97.5 92.75 88.5 83.25 78.5 73.25 68.5 63.5 62 58.5 56.25 54.5 53 51.75 49.5 46.25 43.25 39.75 36.5 34 32.5 32 31.25 31 30.25 29.5 30 31 32.5 33.5 32.5 31 29.75 29 30.25 30.5 30.75
108 113.25 119.75 127.25 133 137 140.75 141.75 142.25 142.5 143.25 144.25 145.25 147 148.5 149 148.5 147 145.5 144.5 142.5 140 136.75 132.75 129 124.25 120.5 116.75 112.75 109.75 106.25 104.5 102.5 101 100.25 99.25 100.5 101.75 104 106 108.25 109.5 110 110 109 108.5 106.25 104 102 100 96.5 92 88.5 85.75 81.5 77.5 74.75 71 69.5 67.5 65 63 61 57.5 54 50.5 45.75 41.25 37.75 37.5 36.25 33.5 32.75 31.25 29.75 29 28.75 29.25 29.75 30.25 30 29.25 28.25 29 28.5 29
114 119.25 124.25 130.75 135.5 139.25 142 143.25 144 144.5 146 147.5 149.5 150.5 151 150.5 150 148.75 146.5 144.5 141.25 137.75 133.5 129 124.5 120 116 111.75 108.25 105 102.5 100.5 99.25 97.5 97.5 99 100.25 101.25 103 104.25 106 108 109 109 108.25 107.25 105.75 105 103.5 101 99.5 96 92.5 91.25 87.5 85 82.5 80 79 76.5 74 71.25 68.75 65 61.5 58.25 52 47.5 44 43.75 42 38.5 36.5 34.5 32.5 30.25 28.75 28 28 27.75 27.5 27.5 26.75 26.5 26.5 26.5
117.5 122.75 129 133.75 138.5 140.75 142.75 144.25 144.75 146 148.75 150 151 151.75 152 151.75 151 149.5 147 144.25 141 136 130.5 125 120.25 116 111 108 104.5 100.75 99.5 98.75 97.5 93.25 94.5 96.75 99.5 100.5 101.75 102.5 103.5 104.5 104.75 104.25 103.75 103.5 104 104 102.25 101.25 100.5 98.75 95.75 94 92 89.5 87.75 85.5 84.5 82.5 80.25 77.5 74.75 71 67.5 63.75 58.5 54.25 51.25 50.25 47 44 41.5 38.5 35.75 33 31 29 28.5 28 27.5 27.5 27 26.5 26.25 26
116.5 125 131 135.5 139 141.5 143.25 144.5 145 146.25 149 150 150.5 151.25 151.5 151.25 150.25 148.75 146 143.75 141 136.25 131.75 125 120.5 116.5 111.25 109.25 105.5 101.75 99.75 97 93.75 89.5 90.5 92.5 96 98.25 99.75 100 101.25 102 101.75 101.5 101.5 101 101.5 102.25 101 100.5 101 100.25 98.75 96 94.75 92.75 91 90 88.25 86 84 81.75 79.5 76.5 72.75 69 64.5 60.75 59.5 56.75 53.75 50.75 47.5 43.25 39.5 36.5 33.75 31.25 30.5 29.75 29 29.5 29 28.5 28 26.75
118.5 126.5 132 136 139.75 141 142.25 143.25 144 145 147 148.5 149.5 150 150 149.5 149 147 145.25 143.5 141 137 132.5 128.5 123.5 120.5 116.25 112.75 110.25 105.5 102.25 99 94.5 90.25 89.25 89.5 91.75 94 95.25 96.5 98 99 99 98.5 97.75 97.5 98.75 100 99.5 99.5 100 100.5 99.25 96.25 95.25 93.5 92.5 91.25 90.25 88.25 86 83.5 82 80 77 73 70.5 68 66 63 60.75 58 54.25 48.75 43 39.25 36.75 34.75 33.25 32 31.25 31.25 31 30.5 29.75 28
121.25 128 131.75 135.25 137.75 139.5 140.5 141.25 142 143 145 146 146.75 147.5 147.75 147.5 146.5 145.5 144.75 143 140.75 138 133.75 130.5 126.25 122.5 119.5 115.5 112.5 108.5 104.5 101.75 98.25 94 90.5 88.75 83.75 89 90 92.75 94.25 95 95 93.5 92.5 92.75 95.5 97 97 97 97.5 98.25 95.5 94.5 93.5 92.5 92.25 91.25 90.5 89.25 86.5 84.5 83 81.5 79.25 76.75 74.25 73 71.5 68.75 66.75 63 59 52.75 47 42.5 39.5 37 35.75 34.5 33.75 33.5 32.75 32 30.75 29.75
123.75 129.25 131.25 133.5 135.5 136.5 136.25 137.5 139.25 140.5 142.75 143.5 144.5 144.75 145 144.5 144.25 144 143.25 142 140.5 137.5 134.25 131 127 123 119.25 115.5 112 108.75 105 102 99 96 92.75 88.25 80.5 81.25 85.5 90 90 90 89.75 88.75 89 90.75 93 94 93.75 94 93.75 93 92 91.5 91.25 90.5 90.25 90.5 89.75 87.5 85 84 82.75 81.25 80.5 79 77 75.5 74 72.75 70.75 67.75 62.75 58.25 52.75 48.25 44.5 40.75 38.5 37.25 36.25 35.5 34.75 33 31.5 30
125 128.25 130 131.75 132 132 131.5 132.75 136.25 138.75 140.5 141.75 142.5 142.5 142.5 142.5 142.5 142.25 141.25 140.5 138.75 135.5 133 130.5 126.5 122 117.5 113.5 109.75 106.5 103.25 100.25 96.5 93.5 91.75 87.25 81.25 79.75 82 85 85.25 84.75 83 83.5 86.25 89.25 90.25 90.75 90.5 90 88.75 87.5 88 87.5 87.25 87 87 87 85.75 84.25 82.75 81.75 81.5 80.5 80.25 79.75 78.75 77 76 74.25 73 70 66.75 63 58.75 54.75 51.25 47.75 44 41.5 39.75 38.75 37.25 35 32.5 30.25
124 125.25 127.5 129 127.75 125.5 127.5 129.5 133 135.5 137.5 139.25 140 140 140 140.25 139.5 139 138 138 135.5 133 131 128.5 124.75 121 115.75 110.25 106 101.75 99.25 95.25 91.75 90.25 88.25 83.75 80 77.75 80.75 81.25 80.25 79.25 79.25 81 84 85.75 87 87 86.75 85.5 83 82 82.5 82.5 82.5 82.75 83 82.75 81.5 80.75 80 79 79.5 79.5 79.75 80 79.75 78.25 76.5 75.5 73.5 71.25 69 66.5 63.5 61 58.25 54 50.5 49 46.5 43.5 40.25 37 33.75 31
121.25 121.75 123.5 124.25 122 120 123.5 128.25 130.5 132.25 133.5 134.75 135.5 135.5 135.5 136 135 135 134 134 132.75 130.5 129 126.25 123.5 120 115.5 109.5 104.25 99.5 94.25 90 89 85.25 82.25 80.5 76 73.25 77.25 77 75.25 75.5 78 80.5 82 82.75 83.25 82 81.5 80.25 77 76.5 77.75 78 78 78 78.25 78.25 78 77 76.75 76 76.25 77.5 78.25 79 78.5 77.25 76.25 75.25 73.5 72.25 70.5 69 67.25 64.75 62.5 58.75 56.25 54.5 52 49 43.5 38.5 35 30.5
118 118 119.25 118.25 115.5 119.25 121.75 124.25 127 128.5 129 129.75 130.5 130.25 129.5 130.5 130 130.5 130 130.25 130.25 128.5 126.25 124 122 119 115 110.5 105.75 102.25 99 92.5 87.5 80.5 78.75 77 70.75 70 72.25 72 71 70.75 75 78 80 80.25 79.5 78 77.25 74.75 72 71 72.5 74.25 74 74 73.5 73.75 74 73 73 72 72.25 74.75 76 76.75 76 75.5 74.5 74 73 72 71 70 69.5 67 64.5 61 60.25 58.5 55.75 52 47.25 41.75 36.75 31.25
113.25 113.5 112.75 109.5 110.5 115.25 118.5 121.25 123 124.5 125 124.75 124.5 124.5 124.75 125.5 124.5 124.5 126 126.75 126.25 124.75 122.5 121 120 118 114.75 112.25 109 104.5 101 96.25 91 85 79 74.5 70 69 69.5 69.5 69 69.5 72.25 75 77.5 77.25 76.5 74.5 72.5 70.5 68.5 68.75 69.5 71.25 70 70 69.5 70 70.5 69.5 69 69.5 69.75 72 73.25 74 73.75 73.25 72 72 71.5 70.75 70.5 70 69.5 68.25 65.5 63.75 62.25 60.75 58.75 55 50 44.75 39 33
107.25 107 102.75 106 110.25 111.5 114.25 116.75 118.25 119.25 120 119.25 118.25 118.25 119.25 120 120 119.75 121.75 123 122 121.25 119 117.5 117.5 115.5 114 112.25 110.5 107 102.75 99 94 88.5 82.25 77.75 73.75 70.75 69.25 69 69 68.5 69.75 72.5 74.5 74.75 73 70.75 68.75 67.5 66.75 67.5 69.75 69.25 67 66.5 66.75 67.5 67.75 67.25 66.5 67.25 68.5 71 70.75 71 71 70 68.5 67.5 67.5 67.5 68 68.25 68 67.25 66.25 64.75 63 61.5 60 57.75 52.75 47 41 35
100.5 96 97.75 101.75 105.75 107.75 110.25 112 112.75 113.5 114.5 113.25 112 112.25 112.25 113.75 117.25 119.25 120.25 120 119.25 117.5 115.5 113.25 114 113.5 113 111.75 110.5 108.25 104.5 100.75 96.5 91.25 86 81 78.25 74 70.5 70.25 70.25 66.25 62.5 69.25 71.25 71.5 70 68 65.5 63.5 65 65.5 67.25 66 64 62.25 63.5 64.75 64.75 64.25 62.75 64.75 66 67.75 68 67 66.75 65.25 63.25 61.5 61.5 62.25 64 64.5 65.5 65.5 65 64.25 63.25 62 60.5 59 54 48.5 41.5 36.75
94.25 88.75 94.5 97.25 97.5 102.75 105.75 106.5 106.5 107 106.25 102.75 99 103.5 109 112 115.25 117 118.5 117 114.5 113 111.5 108.5 110.75 111.5 111.75 111 110.5 108.5 105.25 102 98.5 93.5 90 86 82 78.75 75 73.5 72 68.25 60.25 61.5 66.25 68.75 66.5 64.5 61.25 60 63 63.5 64.75 63.75 61.75 60 61.5 63 63 62 60 62 63.5 65 64 62.75 61.75 59.75 57.75 54.75 54.5 58 59.25 60.5 63 63.5 63.25 63 62.25 61.75 60.5 58.25 53.25 48 42.5 40
88.5 80.5 89.25 88.75 94.75 101.5 101.75 100.5 100.5 99.75 97.5 93.25 94.25 105.25 111.5 113 114 115.25 115.25 114 111.75 109.5 106.75 105 109 109.5 110.5 110.5 109.5 107.25 105.5 102.75 99.75 96 92.5 89.5 83.5 79.75 79.75 77.25 74.25 70.5 63.75 59.75 60.25 63.5 62.75 61.5 60.25 60 61 61.75 62.5 62 59.25 59.5 61 61.75 61.75 60.5 60 61 61.5 61.25 59.5 57.75 56.5 53 50.75 48.25 48 50.25 54 56.5 60 59.75 59.5 60.25 60.5 60.5 60 55.75 50.75 48.75 44.75 41
84.5 76.5 78.75 84 95.75 99 96.5 93.5 93 92.75 91.25 89.25 98.75 106.75 110.25 111.5 112.5 112.75 113 111.25 108.75 106 101.75 102.5 105 105.25 108 108.5 106.5 105 104.5 103 101.25 98 93.5 90.25 86.75 82.75 82 80 76.5 71 65.75 60.75 59 59.5 60 59.75 59.5 57 58.25 59.5 60 58.5 57.5 60 60.75 60.5 60 59 59 59.75 59.5 57.5 55.25 53.5 50.75 47.25 45.5 43.5 43.5 45.5 49.25 52 53.25 53 54 55.75 56.75 58 57 52.75 50.75 50.25 46.75 42
83.25 77 70 85.25 93.25 94 91 86.5 84.75 83.5 79.75 90.75 100.25 104 107 109.5 110 110.5 109.5 108.25 105.5 102.5 97.25 100.25 100.5 101.75 103.75 105.25 104 103.5 103 102 100.25 98.25 94 89.75 89.5 87.75 85 82 78.5 73 68.75 63.75 59.75 59 59 59 56.25 51.75 50.25 52.25 53.25 53.25 54 56.75 58 57.75 57.5 57 57 57.25 56.25 53.5 50 49 46.25 42.5 40.5 39.25 39 41 43.25 44.75 45 46.25 48.25 50.5 51.75 54.5 53.25 50.5 50.25 49 46 42
80.5 78 68.5 81.5 89.5 89 86 81 74.75 69 85 94.5 98.75 101.25 103.5 105 105.5 106.5 104.75 103.5 101.75 97.5 89.75 95 95.75 100 101.25 103 102.5 102 102 100.75 99.75 99 96.75 93.5 92 90.75 87.5 83.75 80 75 71.75 67.75 61 61 60 59.75 58.25 53.75 51.25 49.5 48.75 48 50.25 52.75 54 53 54.5 54.5 54.5 54.5 53 50.75 47.5 45 41 38 37.75 38 37.5 36.75 37 37.25 38.5 40.75 43.5 46.5 47.75 50.25 51 49.75 49.75 48 45.25 42.75
76.25 73.75 62.75 80.25 85.25 84.5 82 75.25 67.25 79.5 90.5 93 96 98.75 99.75 100.75 101 101.5 100.5 100.25 98.25 93 82.25 88.25 90 95.75 99.75 101.5 101.75 102 102 101.75 101 100.5 99 96.5 93.75 91.75 88.75 84.75 81.25 75.75 70.5 69.25 68 65.75 63.5 61.75 60 58.25 55 52.5 51.25 50 47 50.5 51.75 49.75 51.5 53.25 52 52.25 51 48.25 44.25 41 39 43 45.75 43.75 41.5 40.75 39.25 36 35.5 37 39.25 42.5 44.5 46.5 48 47 47.25 45.25 43.25 41
69.75 67.25 63 76.75 80.5 79.25 76.5 67.5 71.75 84.25 88.5 89.5 92 94.5 96.25 97 98 98.75 99 97.5 94 89.25 79.25 79.25 86.75 93.25 98.75 101.25 102.25 103.5 103 102.5 102.25 101.75 100.75 98.25 94.25 92.25 88.25 83.25 79.5 76.25 71.25 71.25 71.5 69.75 67.25 64.25 62 61 59 55.25 53 51.5 47.5 46.25 48.75 49 51 51.75 50.25 49.5 46.5 43 40.5 39.75 45 50.25 51 49 45.5 43 42 39.25 34.5 34.5 35.5 38.75 41.75 42.75 43.25 44.5 44.5 43.75 41.25 39
