shetran-prepare-snow/examples/foston100m/demAsciiFoston_Beck_at_Foston_Mill.txt
ncols        120
nrows        150
xllcorner    498000.000000000000
yllcorner 455000.000000000000
cellsize 100.000000000000
NODATA_value -9999
[rows 76 to 113 of 150, columns 0 to 85 of 120]
59 60.25 59.25 71 74.5 74.5 71.25 61 76.25 81.75 83 86.25 88.5 90.5 92.5 92.75 94 95 94.5 93 89.25 83.25 72.5 79 91 97.25 100.75 102 103.75 104 104 103.75 103.5 102 100.75 98 93.25 89.25 87.25 83.75 80.5 79.75 77 75 73.75 72 70 67.5 64.25 62.25 60 57 54 51 49.25 47 45 45.5 48.75 47.75 46.75 43.5 40.75 39.25 40.25 46.5 50.75 52.25 51.5 50.25 47.5 43.5 40.75 39 38.75 35.75 33.25 33 37.5 40 40.25 42.5 42.75 42.5 41.5 40
49 49 52.75 60.75 65.75 67 64.25 62.5 74.75 78.25 79 82.25 83.5 85 88 88.75 91 91.5 90.5 87.25 81.75 73.5 71.5 88.75 96.5 100.5 101.5 103 104 104 104 104 103.5 101.5 99.75 96.5 94 90.75 89.5 86.75 83.5 81.5 81 78 75.5 74.25 72 69.5 66 62.5 59.5 56.75 54.75 52 50.75 49 45.5 43.5 42.75 41.75 42.75 40.25 41.25 41.75 47.5 51 52.75 53.5 51.5 48.5 47.25 45 40.75 41 41.75 38.5 36 34 32.5 32.75 37.5 40.25 41 41.5 41.25 41.25
68.25 59.5 50.75 48.5 51 55.75 57 62 70.5 70.75 74.75 77.25 77.25 79.5 82.25 85.25 87 87 85 79 68.25 65 83.25 93.5 97.75 100.5 101.5 102.75 103.75 104 104 104 103.25 101.75 100.5 98.5 95.5 93 91 89 86 83 81.5 79 76.25 74.5 72 69.25 65.5 61.5 58.75 57.5 56 52.5 50 49.25 48.75 48.5 48.75 49.75 49.25 47.5 48 48.25 49.25 50 54.5 55.75 55.75 51 49.25 49.5 47.25 47.25 47 42.75 39.25 36.25 34 31.25 31.25 33.75 36 38.25 40.5 40.25
79.25 70.5 64.5 59.5 52.5 47.75 48.75 58 62.5 69 70.75 70 70.75 74.25 79 82 82.75 81 77.75 68.25 60 77.5 88 93 96.75 99.5 101 101.75 102.5 103.25 103.5 104 103.5 102.25 101 99.5 97 94.75 91.75 89.5 86.25 82.75 80.5 78 75 73 70.75 68.25 64.75 62 60.25 58 57.25 56.75 54.5 56 57 57 58.5 59.75 60.25 59.5 58 57.75 56.75 56 58.25 59.25 59.75 57.25 56.5 56.5 55 54 52.75 49 43.5 38.5 37.25 36.25 30.5 28.25 28.75 31.25 36.25 39.5
86 80.75 78 74 67.75 57.25 46.75 48.5 55.75 63.75 66 62 70.5 73.25 76.5 79.25 78.25 74.75 67.75 59 68.5 82.25 88.25 92 94.75 97.25 99.25 100.75 101.25 101.5 102 102.5 101.75 101.5 100.75 99 96.5 94 91.25 88.5 85.25 81.75 79 76.25 73.25 71.25 70 67 63.25 61 59.75 59.75 60 61.25 62.75 65.5 66.5 67 68.25 69 69.5 69.5 69 68 67 66.25 66 67.25 66.25 65.25 65 64.25 62.75 61 58.25 54.25 48.25 41.5 41.25 41.5 40.25 34.5 29.5 27 30.25 35.75
91.75 89 86.75 83 77.5 68.5 64 50.75 45.75 51 57 57.25 68.5 71.5 73.5 75 73.5 68 60 62 74.5 81.25 85.75 89.5 91.5 93.5 96.25 98.75 100.5 100.5 100.5 101 100.5 100 99 96.5 94 91.25 88.75 85.25 82.5 80 77 74 70.75 69 67.5 65.25 60.5 60.25 62 65 66.5 68.5 71 73.5 74.75 76 77 78.25 78.5 78.75 77.5 77 76.75 75.25 74.75 74.5 73 72 71.5 70.5 69 66.25 63 59.5 52.25 47.25 44.75 44 42.25 40.25 34.75 29 26.75 31.5
98.25 95.5 92.5 89.5 85.25 80.5 76.75 71.25 60.75 48 47.25 50.75 59.75 65.5 68.75 71 68.75 60.25 51.75 68.25 72.5 78.25 82.25 84.75 87.25 89.75 92.75 95.25 97 98 98 99 98.25 97.5 95.5 93.75 91 88.5 85 82 79.5 77 74.25 72 70.5 69.25 67.75 67.25 65.5 66.25 69 72 73.5 75.75 78 79.75 81 82.25 83.25 84 84 84.5 84 83 82.5 81.5 80.5 80 78.75 77.75 76.5 74.5 73 70.5 67 62.25 56.75 50.5 48.5 45.75 42.25 39.5 37 33 27.75 26.5
101.5 100 97 94.25 91 88.25 85.5 82 77.75 69.25 55.75 46.5 46.75 52.75 62 66 63.5 55.5 54.25 62.75 68.5 73.5 77 78.75 81.25 86.25 90 91.75 92.75 94 94 95 95 94.25 92.75 90.75 87.5 84.5 81 78 75.5 73.5 71.25 70.5 70.25 69.25 69 69 70 72 74.75 77.25 79.25 81.5 83 84 85.5 87 88 88 88.25 88.75 88.75 87.5 86.25 85.5 84.5 83.75 82.75 81.75 80.25 78.25 75.25 72.5 69.5 65.25 60.25 56 52 48.5 44.5 40 40.25 39.25 34.5 28
103.25 101.75 100 98.5 95 92.75 91.5 88.25 84 80.25 73.25 64.25 51 46 49.25 57.75 58 52 49.25 57.25 63.5 68.5 69.5 73.25 77.25 81.75 85.5 87.5 88 90 89.5 91 91 90.5 89 86.5 83.25 80 76.75 73.5 71.5 69.75 68.75 68.5 67.5 67.75 68.5 69.5 71.25 72.75 76 79.5 81.25 83.5 85.25 87.25 89.25 89.75 90.5 91.25 91.5 91.5 91.5 90.25 89 87.5 87 86 85.5 84 82 80 78 74.25 71.5 68.75 64 60.5 55.5 49.75 48.5 46.75 46 43 40 35.75
104.25 102.75 101.25 100.5 99 96 93.5 92 88.25 83.5 78.75 72.75 66.25 55.5 46 43.5 48.5 48 45.5 53.25 60 60.75 64 69.25 73.5 76.75 79.25 81 83 84.25 84.75 85.75 86.5 85.25 83.25 81 78.25 74.75 71.5 68.75 67.5 66.75 66 65.25 64.5 65.5 67.75 69.5 71.5 74 76.25 78.75 81 84.5 87 89.5 90 90 91.25 91.75 91.5 91.25 91.25 90.5 90 88.5 88 87 86.5 85 83 80.75 78.5 75.25 72.5 70.5 66.5 62.75 59.25 54 51 51.5 50 47 43 41.5
103.75 102.75 101.5 101 99.5 97.5 94.75 92.25 88.5 84 79.75 71 64.25 57.75 49.5 44.25 41.5 40 39.5 46.5 52.5 57.75 61.75 65.25 68.75 69.5 72.5 74.75 75.25 76.75 79.5 81 81.75 80.5 78 76 72.75 69.75 67.5 64.5 64 63.75 63.5 62.5 61.25 61.5 66.5 69.75 72.25 75 78 80.25 82.25 84.5 86.5 88 89.25 89.25 89.75 90.25 89.75 88.25 88 87.75 87.25 86.5 86 85.25 84.5 84 81.5 79.25 76.75 73.5 71.25 70 66.75 63.5 60.75 58.75 55.25 53.5 52 49.25 45.5 42.5
102.5 101.75 100.75 100 99 97 94.5 91.75 88.5 84 79.5 75 70.75 67.75 66 63.5 60.25 53.5 42.25 37.25 43.5 53 58.25 59.75 61.75 61 65.25 67.5 66.5 70 73.5 76.25 76.75 75.25 73 71 67.75 65.5 63.25 60.25 60.75 61.5 61.5 60.25 59.75 61.75 67 70.5 73.75 76.25 79.5 81.5 82.5 84 85 86 86.5 86.5 87 87 86.5 85.75 85.25 85 84.25 84 83.25 82.75 82 80.75 79.25 76.5 73.75 71 69.25 67.5 64.5 63 61.25 60.5 58 54.25 52.25 49.25 45.5 42.5
100.5 100.5 99.75 98.75 97.5 96 94.5 92.25 90 87.25 83 80.5 77.75 76.5 75 71.75 67.75 62 51.75 37.5 38.25 49.75 53.25 53.5 54.5 55.75 58.25 59.5 59.75 64.75 70.25 72.5 72.5 70.5 68.75 65.75 63.5 61.5 60 59 59.75 60.5 60 60 60.5 66 70.75 72.75 74.5 76.5 78.75 80.25 82 83 83.25 83.75 83.25 83 83 83 82.75 82 82 82 81 80.25 79.75 79 78 76.75 74.5 73 70 67.75 65.5 63.5 61.75 61 60.5 59.5 56.25 53 51 47.75 44.75 40.75
98 98 97.75 97 96 95 93.75 92.5 90.5 89.5 86.5 84 82.5 81.5 80.5 76.5 71 64.25 54.75 42.5 37.5 42.25 47 46.5 45.75 49.25 50.75 49.75 54.75 62.5 67.75 70.5 69.75 67.75 65 61.5 59.75 58.5 58.25 58 58.5 59.25 59.25 61 65.5 70 71.5 73 73.75 74.5 76 78.25 79.75 80 80.25 80.5 80 79 78.75 78.5 77.75 77.5 78 77.5 76.75 75.75 75 74 71.75 71.25 70 69 66 64 61.5 59.5 59 58.5 57.75 55.5 52.5 50 48.25 46.25 44 41.5
94.5 95 95.25 95 94.25 93.75 93 92.5 91 89.75 88 85.75 84.75 83.5 82.25 79 72.5 65.25 56.75 47 38.25 38.5 39.5 38.5 38.25 40.25 41.5 45 53.5 60.75 65 67 66.5 64.75 61 58.75 57.25 57 57.25 57.75 57.75 59.5 61 64.75 68.75 71 72.5 73 73.25 73.5 73.5 75.25 76 76 76 75.5 74.75 74 73.5 73 72 71.5 72.5 71.5 71 70 69.5 68.5 66 66.75 65 63 61.25 59.25 57.75 55.5 54.5 54.75 53.5 51.75 49.25 47.5 45.25 43 41 39
90.75 91.25 92.25 92.5 92.5 92 91.75 92 91.25 89.75 88.5 86.5 85.25 84.25 83.25 79.75 74.75 68.25 62.25 54.75 47 41.75 38.25 38.25 40 39.5 38 40 49.25 58.25 61.5 64 64.25 63 60.5 58.5 56 55 56.75 57.5 58.75 60.75 63.75 66.75 69.75 71.25 72 72.25 72 71.5 71 72 71.75 71.5 70.75 69.75 69 68.25 68 67 66.5 66.25 66.5 66.25 65.5 63.75 63 63 61 62.5 60.25 58.25 56 54 53.25 51.5 50 50.5 49.5 48.25 46.5 44.5 42 40 38.5 36
88.25 88.5 89.5 90.5 90 89.75 89.5 90 90.25 88.5 87 86.25 85.5 84.75 83.5 81 78 73.5 69 63.75 60 56 55.5 56.75 52.25 47.75 41 37.75 39.75 51.25 57.5 60.25 62 62 60.5 57.5 54.5 52.75 55.75 57.5 59.75 60.75 62.75 65.25 68.25 69.5 69.5 70 69.75 69.5 68.5 67 66.5 65.5 65 64 62.75 62.75 63 61.75 61.25 61.5 60.5 60.75 59.5 58.25 56.75 58.5 56.75 57.5 55.75 53.5 50.75 49 48.75 47.5 47 47 46 44.5 42.5 40.5 38.75 36.5 34 32.5
85.25 86 87 87.5 87 86.75 86.5 86.75 87 85.75 85.25 85.5 85 85 84 82 79.75 77.75 73.25 70 67.25 63.75 61.25 61 58.5 53.5 49 39.75 36.5 41.5 52.5 56.75 60.25 61 58.75 55.5 51.5 50.75 54.25 57 59.75 61 62.5 63.75 65.5 67 66.75 65.75 65.5 65 63 60.75 60.5 59 59.5 58.25 57 57.75 58.25 56.75 56.25 56.5 55.5 55 54.25 53 51.5 52.5 51.25 51.75 51.5 49.75 48 45.5 43.75 43 43.25 43.5 42 40.5 38.75 36.5 34.5 32.5 30 29.25
83 83.5 84.25 84.25 83.25 83 83 83 83.5 82.75 83 84.25 84.5 84.5 83.75 82.5 80.75 79.5 76.75 74 71.25 68.75 65.5 63.75 61.5 57.5 52 44 37.5 36.25 47.25 54 57.25 58.75 56.5 53 50 50 52.5 56 59.75 60.75 61.75 62.5 63 63 62.75 61 60.5 59.5 57.25 56 54 52.5 53.5 52.75 51.75 53 53 51.75 50.25 51 50 49.5 49.25 48.25 47 48 48 48 47.5 45.5 43.75 41.75 40 39.25 40.5 41 38.5 37.5 35.25 32.5 30.75 29 28 27
81.25 82 81.5 81.25 79.5 79.25 79.5 79.25 80 80.25 81.5 82.75 83.75 84 83 82 81 80 78.25 75.75 72.75 70.5 68 65 62.75 60 55.25 50.25 41.75 36.5 41 49.5 54 55.5 54.75 51.5 49.75 50.5 52.5 54 55.5 56 58.5 57.5 57.5 57.5 57.75 55.25 53 52.5 50.75 51 48.75 47.25 47.75 48 47.75 49 49 47.5 46 46.5 46 45 44 43 43 44.75 45.5 45 43.5 41.5 40.75 39.5 38 36.25 36.75 37.75 35.5 33.75 31.5 29 28.5 27 26 25
80.5 80.75 78.5 77.5 75.5 76.25 76.75 76.75 77.75 78.5 80.25 81.25 82.5 82.5 81.5 80.5 80 79 77 75 72.75 70.5 68.5 65.75 63.5 60.5 57.5 53 45.75 39 38.25 42.5 49.25 52 52.75 50.5 49.25 50.25 52 52.5 52.5 51.5 51.5 51.5 50.5 50.5 50 50 48 47.25 47 46 43.5 41.5 42.75 43 43.75 44.75 44.5 43.5 41.75 42 42.5 40.5 40 39 39.5 42.5 43.5 42.5 40.5 38.75 38.25 36.75 35 32.5 32.25 33 31.75 31.25 30 28 26.5 25 24 22.5
77.25 77.25 75.5 73.5 71.5 73.25 74 74.5 75.75 77.75 79.5 79.25 79.75 79.75 79 78.5 78 76.5 74.5 72.75 71.25 70 68.5 66.75 65 62.25 60.25 56.75 49.25 40.75 37.25 38.5 43.75 48.75 50.75 49.25 46 48.75 51 51 50.75 49.75 49.5 49.5 49 47.75 47.75 46.75 44 43 43 42 39.5 37.5 38.75 39.5 39.75 40.5 41 40.5 38.25 38.5 40 38 36.25 36.75 38.5 41 41.5 40.5 38.75 37 36 34 32 29.5 29.25 29.75 29.25 29.25 28 26 24.75 23.25 21.25 19.5
72 72 71.5 70 68.75 70.25 72 72.25 72.25 74.25 76.25 76 76.5 76.75 75.75 75.25 74.25 73.25 72 71.5 70.75 70 69.25 67.5 66 64 62 59.5 53 43.75 37.5 36.75 39.75 45 49 44.5 41.25 45.75 48.25 48.75 47.5 46.75 46 45.5 44.5 43 42.5 41.5 39.5 39.25 39 38.5 36.75 35.5 35.75 36.25 36.75 37.5 38 37.25 35.5 35.5 36 35.25 33.25 34.25 36.25 38.75 39.25 39.25 37 35 33 31.75 30.5 29.25 28.5 27.75 27.5 26.75 25.25 24 22.75 21.75 20.5 19.75
69 69 68.5 68 67.75 69.5 71 70.25 70 71 72.5 73 72.75 73 72.25 71.75 70.75 70.5 69.75 69.75 69.75 69.5 68.75 67 65 63.5 61.75 60.5 55.75 48.5 39.5 36.75 38.25 41 42.25 40 40.5 44 45.75 44.75 43.25 43 42.75 41.5 40.75 39 38.25 37.75 36.5 36.5 36.5 35 33.25 32.5 32.75 33.5 34.25 34.75 35 34.5 33.25 32.75 32.5 32 30.25 31.25 33.5 37 37.5 37 35 32.75 31 29.75 28.75 28.25 27.25 26.75 25.5 24.5 23 22.25 21.5 21 20 19
65.25 65 64.75 66.25 67.75 69.25 70 69.25 70.5 71 71.5 69.5 69.75 70 69.5 69 68.5 68.25 67.5 68 67.25 66.5 66 65 63.25 62 60.75 59.25 54.75 50.75 43.5 37.75 37 38 39 40 41 42.25 42.5 41.75 39.75 40 39.75 39 38 37 35.75 35.5 35 34.75 34.5 32 31 30 30.5 31 31.75 32 32.5 31.5 30.5 30 30.5 30 29 29.5 31.25 34 35.5 35.25 33.25 31.25 30.5 29.75 28.25 27.5 26.5 25.25 24.5 22 20.5 20.5 20.5 20 19.5 18
61.25 61.75 61.25 63.25 65 66.5 68.25 68 69.25 69.5 69.5 67.75 67.75 67.75 67 66.25 65.75 65 65.25 66.25 65.5 64.5 64.25 61.25 60.5 60 59.25 56.75 53.5 50 44.75 40.25 37.25 34.25 36.75 40.5 41.5 42 41.5 40.25 39.5 39 38.75 37.5 36.75 35.75 35 34.5 33.5 32.5 30.75 29.75 29.5 28.5 29.5 29.5 30.25 30.5 31 30.5 29.5 29 29 29 28.75 29.25 30.25 32.5 33.5 33.75 32 30.75 30 29.25 28 27.25 26.25 24.75 22.25 20 20 20 19.5 20 18.75 18
58.75 58.75 59.5 60.25 62.5 64 65.5 65.5 66 66 66 65 64 63.75 63.75 62.25 62.25 63 63.5 64 62.5 62.5 61 59 57 56.75 56.75 55.5 52 48 44.75 39.5 34.75 30 31 40 42 42 42 40.75 39.5 39 38 37 36 35 34 33.75 31.75 30 29 29 29 28 28 28.75 29.25 29.5 29 28.5 28 27.5 26.25 26.5 27.75 29.25 30 32.25 32.5 32.25 31 30 29.25 28.25 27.25 26.25 25.25 23.5 21.75 20.25 19.25 19 19 19 18 17.25
58 57.5 59.25 60.25 60.75 62.25 63.5 63 62.25 62 62 61.5 60.25 59.75 60.5 59.5 60 61.5 61.5 61.5 61 60.5 59.75 56.25 53 52 54.25 55.25 52.5 48.75 45.5 39.75 34 29.75 29.75 38 41.5 42 42 41.75 40.5 39.75 38.25 37.25 36 35.5 34.75 34 32.75 31 30.5 29.75 29.5 29 29 28.5 28 27.5 26.5 26.5 26.5 25.5 24.75 24.75 27.25 29.25 30.75 31.5 32 31.25 30.5 30 29 27.75 26.25 26 24.75 23.5 21.5 20.5 19.5 19 18.5 18 17.25 17
57.5 57 58 58.75 59.25 60.75 61 60.25 59 58 58.25 58.5 58.25 58.25 58.5 58 58 59.5 59.5 59.25 58.25 58.25 56.5 53.75 49.75 48.5 50.25 53.25 51.5 49.5 47 41.25 34 29.5 30.25 38.75 41.25 41.5 42 42 41.75 40.5 39 38 36.75 36 35.5 35 34.75 34.25 33 32.5 31 29.75 28.75 27.75 26.5 25 25 25 25.25 24.75 24.25 25.25 27.75 30 31 31.5 32 31 30.5 30 29.25 26.75 25.25 25 24 22.75 21.5 20.5 19.5 19 18 18 17 16.5
56.75 56.5 56.5 56 55.25 56.5 56.25 55.75 55 55 55.5 56 56.5 56.75 57.25 56 55.25 56.75 57.5 57 56 55.25 53.25 50.5 48 47.75 49.25 50.75 50.5 49.25 46.5 40 33 29.25 30 36.25 40 40.75 41 42 42 40.75 40 39.25 38 37 36.5 36.5 36 35.5 35.25 34.75 33 31.25 30.5 29 27.75 26.5 25 24 24 24 24 25.25 28.25 30.75 31.25 31 31 31 30.25 29.25 27 25.25 24.5 23.5 22.75 21.75 20.75 20.25 19.5 18.25 17.75 17.25 17 15.75
56 55.5 54.75 53.25 51.5 51 52 51.25 52 52 51.5 51.75 54.5 56.25 56.5 53 51 53.25 54 53.25 51.5 50 49.25 47.75 46.5 46.5 47 48.5 48.5 47.25 44.75 40.5 33.5 29 29.5 32 36 38.75 40.25 40.75 41 41 40.75 40 39.25 38.5 38.5 37.75 37.5 36.75 36.25 35.5 35 33.25 32 30.75 29.5 29 26.5 24.75 24 23.25 24 25.25 27.75 30 31 31 30.75 30 29.5 27.25 25.25 24 22.25 21.5 21.25 20.5 20 19.25 18 17.5 17 16.75 16.25 15.25
55 54.5 52.75 49.75 48.75 48.5 49.25 47.75 48.75 48.75 48.75 49 50.5 56 57 50 49 49.25 49 48.5 47.5 47.5 46.5 45 43.25 44.5 45.25 46.5 46.5 46.25 44.5 42.25 37 29.75 28.25 29 32 34.5 37.25 39.25 40 40.5 41 40.5 40 39.75 39.5 39.5 39 37.75 36.75 36 35 34.5 32.75 31.5 30.75 30.25 28.5 25.5 22.25 22.5 24 25 27.5 28.5 30 30.5 30 29.5 28.25 26 24 22 20 20 19.75 19.25 18.25 17.5 17.25 16.75 16.25 16 15.5 15
53.5 53 50.75 48.75 49.75 47.5 46.25 44.25 44.25 46 48.75 51 53.5 56.25 57 51.25 48.5 47 46.5 46.5 45.5 45.5 45 42 39.75 40.75 43 44.25 44.5 45.25 44.5 42.5 40.25 34.25 29.25 28 29 31.5 33.5 35.25 36.75 39 40 41 41 41 41.25 41.25 40 38.5 37 35.75 34.75 33 31.25 30.5 30.5 30 27.25 23.5 20.5 21 24.25 26 27.75 29 29.75 30 29.5 28.75 27.25 25.5 23.5 20.5 19.25 18.5 18 16.75 16.25 16 15.75 15.5 15.25 15 14.5 14.25
51.5 51.25 50.5 48.5 50.75 49.5 45 40.5 40.75 44.5 50 55 56.5 56 55.25 50.75 47.5 45 42.75 41 40 42.5 42.5 39.75 38.75 40 40.75 41.25 41.75 43 43 42 40.5 38.25 31.75 28.5 28.25 28.75 31 32.5 34 36.5 39.5 40.5 41.5 42 42 42 40.75 39.75 37.5 35.5 34 32.25 30.25 29.75 29 28 24.75 22.5 20 22 25.75 28 29 29.75 30 30 29.25 28.5 26.5 25 23.5 21.5 20.25 18.75 17.25 15.5 14.75 14.5 14.5 14.5 14.25 13.5 13.5 13.25
50.5 50.5 49.75 48.75 51 49 45 40.75 39 42.25 49.25 53.75 55.25 52.75 50.25 48 46.25 44 40.25 38.75 38.25 39.75 40.75 38.75 37 37 38.25 38.5 39.25 40 40.5 40.75 40.25 39 33.75 30.25 26.5 25 27.75 30.5 32 34.75 39.25 40.5 41 41.75 42 42 41.25 40.25 39 36.75 35 33.5 32 30.75 29 27.25 24.75 21 19.75 23 27.25 30.5 30.5 30.5 30.25 30.25 29.5 28.5 26.5 24.5 23.5 21 21 19.75 17.25 14.75 14.25 13 12.75 13 12.75 12.5 12.5 12
48.75 49 48.5 47.5 48.5 47 45 41.5 39.75 41.5 47 49.5 50.25 48.5 47.5 46.5 45.25 43 40.25 38.5 36.5 38 38.25 37 35.25 34.5 35.25 36.25 37 38 39 39.5 38.75 37 34.75 32.25 29 24.75 24.75 26.75 30 33 36.75 39.25 40.5 40.75 41.25 41.5 41 40.5 39.5 37.5 36 34.75 33 32.25 30.5 28.25 25.25 21 20 22 25.5 29.75 30.75 30.5 30.25 30 30.25 28 25.75 24 22 20.5 20.25 18.25 15.5 14.75 12 11.25 11.5 11.5 11.5 11.25 11 11
47.25 47.5 47 46 45.5 45.5 43.75 41 39.75 40.25 44.5 47 47.25 46.5 45.5 44.5 42.5 40.5 39 37 35.25 36 36.25 35.5 34.25 33 32.25 34 35 36.5 36.75 36.5 36.5 35.25 35 33.75 30.75 26 23.25 24 27.75 31.5 34 36.5 38 39 40.5 40.5 40.5 40.25 39 37 35.75 34.75 33.5 32.5 31.5 29.5 25.75 21 19.5 21 24 26.25 28.25 29.5 29.5 29.5 28 26 24.25 22.75 20.5 19.5 18.5 16 14.75 13 10.75 9.5 9.75 10 9.5 10 9.5 9.5
46.25 46.5 45.5 44 41.25 41.75 41 40 38.5 39 41.25 42.75 43 42.75 41.5 40 38.5 38.5 37 35 32.75 33.5 34.5 34 32.5 30.75 30 31 33 34.5 34.5 34 33.75 34.75 35 34 31.5 28.5 24.5 23 24.25 28.25 31.5 33 34.25 35.75 37.25 38 38 38 36.75 35.75 34.75 34.25 33.25 32 31 29.25 24.75 21 19 20.25 22 24 26 26.75 27 26.75 25.5 24 22.5 21 20 18 16 14.75 13.5 12.25 10.75 10 9 9 9.5 9.5 8.75 9
