shetran-prepare-snow/examples/foston100m/demAsciiFoston_Beck_at_Foston_Mill.txt
ncols        120
nrows        150
xllcorner    498000.000000000000
yllcorner 455000.000000000000
cellsize 100.000000000000
NODATA_value -9999
[rows 0 to 37 of 150, columns 0 to 85 of 120]
78.75 87.75 84.75 81 94.75 102.5 108.5 113 117 120 122.25 123.5 124.5 123.5 121.5 111.25 109.25 119.25 122.75 125.25 126.25 126.25 123.5 118.25 110.5 105.5 105.75 109.75 117.5 128 138.25 143.5 147 148 146 144.5 143.25 142 140 138.5 138.5 138.5 139.5 139.5 139.25 136.5 132.25 128 122.25 116.75 110 106.25 102.75 99.75 104.75 110.5 111.5 111 112.75 110.75 108.5 106.75 106.5 105.25 104 102.5 100.75 100.25 100.5 102 105.5 107.75 108 110 109 105.5 100.25 100 97 91.5 88.75 88.75 90.5 89.5 89 85
82 92.75 92.75 88.75 89.25 97 105.5 111.25 116.75 120.75 122.5 124.5 124.25 124.25 123.25 121 115.25 114.25 118.75 123.75 126.75 129.5 128.25 125.25 123 120.25 120.5 123.25 126.5 130.75 138.5 145.25 149 150.5 150.25 149.5 148.5 146.75 145.75 145.5 144.5 143.5 142 141.5 141 139.25 135.5 130.25 124.25 119.25 115.25 111.25 108.25 105.25 107.5 110.75 113 114.75 116.25 115 112.75 112 111.5 110.5 109 107.25 106.5 107.25 108 109 110.25 111.25 112.5 113 111.75 109 105 100.5 97.5 94.25 90.75 91.5 92.25 91.5 90.75 88.75
84.5 94.25 97.75 96.75 90.75 90 99 108.75 115.25 119.75 122.25 123.75 122.5 122.25 121.75 122.25 122.75 122.5 124.25 128 129.25 133 134.25 134 133.5 133 133.5 135.25 137.25 140.5 145.75 150 151.5 153.25 153.5 152.75 152.25 151 151 150.5 149.25 147.5 145 144 143 141 138 133.75 129.25 124 121.5 118.75 115 112.75 111.5 113.25 115.75 118.75 119.5 118.75 118 117.25 116.25 115.75 114.75 113.25 113.25 113.5 114 114.5 115.25 115.75 117 115.75 114.5 112.25 109.75 106 101 98.5 96.25 94.75 94 92.75 91.75 90.5
85.75 95.25 100.25 101.5 100.25 96.25 92.75 104.25 113 117 121 122.5 120.5 120.25 119.75 122.5 126.5 128 130 132 135 139 140.5 141.25 142.25 143 144 144.5 146.5 149.25 152.25 154.25 156 157 157 155.75 154.5 154.5 153.75 152.75 151.5 150 148 146 144.25 142.5 140 138 134.5 131.5 128.5 125.25 122.5 120 118.75 118.75 119 120.75 121.5 121.5 121.5 121.25 120.25 120 120 119 119 119 119 119.25 120.5 120 119.5 119 117.25 115.25 112.75 110.25 107 102.5 100.5 98 95 93 92 90.5
94 99.5 103.5 105.25 105.5 104 100.5 100 109 113 116.25 117 118.25 118.5 120.75 126.75 131 134.25 137.25 139 141.5 144 146.5 147.5 149 150 150.5 152 153 154.5 156.5 158.5 159.75 160.5 160 159 157 156 155.25 154 152 150.5 148.5 146.5 144.75 143.5 141.5 140 138.25 135.25 132.5 130.5 129.25 126.25 124.5 122.25 121.5 123.25 123.5 123.5 123.5 123.5 122.75 122.5 122.5 122.5 122 121.5 121.5 121.5 122 121.75 121.5 120.5 119.5 118.5 115.25 112.75 109.75 106.5 103.25 99.75 96 91.75 90.5 90
98.75 102 105.75 108.5 109.25 109.5 106 100.25 102.5 109.75 110.25 110 112.5 117.75 124.5 130.5 136 140 142.5 145 146.75 149.25 151.25 152.25 153.5 155.25 156 157.5 158.75 159.75 160.25 161.75 162.25 162 161 160 158 156.25 155 153 151.25 149.75 147 145.25 144 142.75 142 141.25 140.25 138.75 135.75 133.5 132.5 131.25 130.25 128.25 126.5 125.75 125 125 125 125 125 124.75 124.5 123.75 123.5 123.5 123.25 123 122.75 122.5 122.5 121.5 121 120.25 118.25 114.75 112 109.75 105.75 101.75 97.25 92.25 89.25 86.25
101.5 104.75 108.25 110.5 112 112.75 112.25 107.5 104.25 106.75 109.75 113.25 117.75 122.25 129.25 136 140.75 143.25 147.25 149.5 151.25 152.5 154.25 156.5 157.75 159.5 160.5 160.5 161.25 161.5 162 162 162 161.25 160.25 159 156 155 154 152 150 147.5 144.25 143 142.5 141.75 142 142 140.5 139 136.75 134.75 133.75 133.25 132.25 131.75 130.25 128.5 126.5 126 126 126 126 125.5 125 124.75 124 124 124 124 123.25 123 123 122 121.5 120.5 119 115.75 113.5 111.25 107.75 103.5 99.5 94.5 89.25 84
102.75 106.25 109.5 111.5 113.75 115.5 116.75 116 115.75 115.5 118 121 125 129.5 135.25 141 143.5 148 151 152 153.25 155.25 158.25 160 160.75 161.5 161.5 162 162 162 161.75 161.5 160.75 160 157.75 155.75 154.5 153 151.75 150 147 143 139.75 138.25 138.5 139.75 140.25 140.25 138.75 136.5 135 134.75 134.25 133.5 133 132 130.5 129.25 126 125.25 125 125.5 125.25 125 124.75 124.25 124 124 123.75 123.5 123.25 122.5 122 121 121 120.5 120 117.5 114.25 112 109.75 106 101 98 92.75 89.25
100.5 103.25 108 110.5 114.75 118.5 121.5 122.75 123.75 125.5 127 130 133 137.25 141.25 144.5 148.5 151 153 154 155 158.25 160 161 162 161.5 161.5 161.5 161.25 160.75 160.5 160.25 158.5 156.75 154.5 153 152.25 150.25 149 147 143 139 135.25 131.5 132.75 135.5 136.25 136.25 134.5 133 132.5 132.5 133 133 132.25 131.5 130 127.25 124 121.25 120.75 122 122.5 123.5 123.5 124 123.75 123.25 122.5 122 120.75 120 119.75 119.25 120 120 119.75 117.5 115.25 113 111 108.75 105.25 101.75 97.75 94
100 101 107.25 112 116.5 120.25 125 127.75 130.5 132.5 134.75 137.75 140.25 142.5 145 148.5 151 153 154.25 155.25 156.25 158.5 159.75 161 160.5 160.5 160.5 160.5 159.5 159 158.25 157.5 155.5 153.5 151.75 151 150 148.5 146 143.25 140.25 135.75 130.5 125.5 127.75 131.5 132 131 129.25 129 129.5 130.25 131.25 131 130.5 129.75 127 123.5 121 117.25 115.25 117 118.75 120.5 122.5 122.5 122.5 122 120.5 119 117.5 116 115.25 115.75 117.5 118.5 118.5 117.25 115.5 114.5 113 111 109 105.5 102.5 100
101.5 106.25 110.5 115.5 120 124.75 129 133 136.5 139 140.5 142.5 144.5 147 149.25 150.75 152.75 154.25 155 155.5 156.25 157.25 158 159 158.5 158.5 158.25 157.75 156.75 156 155.5 154.5 152.5 150.5 149.5 149 148 145.75 142.75 140.5 137 132.75 126.75 120.5 122.75 126.75 126.25 124.5 122.5 122.25 123.75 125 126.75 127.5 127.5 126.5 123.75 121.25 117.25 112.25 111.25 112 114 117.25 121 121.5 121.5 120 117.5 115.5 113 111 111.5 113.5 115 116.75 117.5 116.75 115.5 115 114.5 113 111 109.25 106.5 104.5
105.25 109 114 119 124 129 133 138 140.75 142.5 143.75 146 148.5 150.25 151 151.75 153 154 155 155.25 155.5 155.5 155.75 155.75 155.25 155 155 154 153.5 153.5 153 151.25 149.5 147.5 147.5 146.75 145 143 140.75 137.75 133.5 128.25 122.5 117 119 122 120.75 117.5 115.5 117.25 119.5 120.75 122.5 123.75 124 122.75 120.75 118 112.5 107.5 107.5 109.5 111.5 114 117.5 119 118.5 116 113.5 111 107.5 106.75 110 111.75 113.5 115.25 116.25 116 115.5 115 114.75 113.5 112 110.5 109 106.75
107.75 111.75 117.25 122.75 128.5 133 137 140.75 143 144.5 147.5 149.25 150 151 151 151.25 151.5 152.5 153.5 153.5 153.25 153.5 152.75 152 151.5 150.75 150.5 150.75 151.5 151 150 148.25 145.25 144.75 145 144.5 143.25 141 139 134.5 129 121.25 117.75 110 110.5 114 114 110.75 108 112.5 113.75 115.25 118.25 120.5 120.5 118.75 116.75 113 108.5 101.5 101.75 107.75 111 112.75 114 114.75 114.25 112.5 110.5 107 102.75 104.25 108.5 111 112.75 114.25 115.25 115.5 115 114.5 113.75 112.5 111.75 111 110 108.25
111.5 115.75 119.5 126 132.5 137 140.75 143 144.75 147.25 150 150 150 149.5 149 148.5 148.5 150.25 151 151 150.5 149.75 148.5 147.5 146 147.5 148 148.5 149.5 149 146.75 143.25 140.75 141.25 142.75 143.25 142 140.5 138.25 133.75 130 128 123.75 119.5 112.5 104.75 100.75 98 95.25 104.25 104.75 110.25 114.25 116.25 116.5 114.5 112.5 109.25 104 99.25 100 104.25 108.5 111 111.75 111.75 111.25 109.5 107 103.5 99.75 102.75 106.75 110 110.75 113 114 114.5 114.25 113.25 112.25 111.5 110 110.5 109.25 108.25
118.25 121 124.75 129.75 135.25 140 142.5 144 145.5 147 148.5 148.75 147.5 146.25 144.25 144.5 144.75 146.5 147 146.5 145.75 144.5 142.5 141 140 143.75 146.25 146.25 146.5 145.75 142.25 138.75 138.75 140.5 141.5 141.5 140.5 140.5 138.25 134.75 133 132.5 131 128.25 124 120.5 116.5 110.25 101.75 91 94.25 106.75 110.75 111 111.5 110.5 108.5 105 100.5 92 95 101.5 105.25 108.5 109 109 107.5 105.5 102.75 98 99.75 102 104.5 105.25 108.25 110.75 112.5 113.5 112.75 111.75 110.5 109.25 107.5 107 107.5 107
125.25 128.25 131.25 134 138.75 141.5 143.5 144.75 145.25 145.5 146 145 142.75 139.25 139.75 141.25 142.5 143 142.5 141 139.5 137.75 134.75 131.25 139.5 143.25 144.75 144.75 144.5 143 140 132.75 134.25 139.25 139.25 138.5 138 136.75 135.75 135 134.75 134.5 133 131 128.75 124.25 120.75 115.5 108.75 98.5 88.75 99.5 103.75 105 105.5 105.25 104.5 101.75 99.75 92.25 90 97.25 102.75 104.25 105 105 103.75 101.75 98 91 97.25 101 101.25 100.5 105.75 110.25 111.75 111.5 111 109.75 107.5 105.5 103.25 103.5 105 105.75
132 134.25 137 139.25 141.25 143 144 144.5 143.75 143.25 142.5 139.5 127.25 130 139.75 140.5 140.5 140.25 138.5 136 134 130.25 127 135.75 143.25 143.25 143.5 143.75 142.25 140.5 134.75 126.5 131 135 135.5 134.5 133.5 132.5 134 134.5 135 135.25 134.5 132.5 130.5 126 120.75 114.5 107.5 100 90.75 82.75 91.25 97.75 98.5 99 99.25 98 97 92.75 85.5 91.75 99.5 101.5 101.25 101.25 100.5 97.25 92.25 89.5 92 96.5 98.5 100 104.75 108.5 110.5 110 108.5 105.75 103.5 101 98.75 100 102.75 104.75
138 140 141.75 143 143.5 144 143.75 143 141.5 139 136.25 123.25 113.75 131.75 136.75 138.5 138 136.75 134 131 127.25 118 130.75 139.5 142.5 142.5 142 141 138.75 135 127.25 120 131.5 132.5 132 130 128.5 129.25 132 134.5 136 136.75 135.25 133 130.5 125.5 119.5 112.75 106.5 102 95 86.25 79.75 84.75 88.75 91 93.5 93 93.5 91.25 84.5 85.75 94.75 97.5 97.25 96.75 96 93.75 89.5 83.75 90.25 90.5 95.5 101.25 104.5 107 107.75 106.5 104.5 102.75 100.75 98.25 96.75 98.5 100.75 103
142.5 144.5 145.5 145.25 144.5 143.5 142.5 140.25 134.25 125.75 114.25 102.25 116.75 132 134.25 135.5 134.75 133 129.25 124.75 114 118.5 134 138 140.5 140 139.5 138 135 130.25 112.5 115.75 129 128.75 127 123.25 121.25 128.25 132 134.75 136.25 137 135.5 133.25 130.25 124 118.25 111 104.5 98.5 94.75 92.5 88.75 79.75 78 79 79.75 86 89 88.25 82.25 79.5 91.25 92.5 92 91 91.5 90.5 84 79.75 82.25 90.25 96.5 101 103.25 104.5 104.5 103.25 102 100 97.75 95 93.5 96.5 100 102
146 148 148.5 147 145 143 139.5 127.25 111.25 112.25 115.5 108.75 104.5 125.5 130.25 131.75 131 129.25 124.75 119.25 102.75 123 133 136 138.5 138 137.5 134.75 130.25 124 104.5 113 122.75 122.75 120.75 113.75 117.75 127.5 131.5 134 135.25 136.5 135.5 133.5 130.25 126.25 121.75 118.5 112.75 107.75 104 100.25 94.5 87.75 83 78.75 73.25 71.25 74.75 79 77.25 73 84.75 86 85 84.25 86.75 85.5 82 77.75 83 91.25 95.75 99.5 100.75 101.5 101.5 100.75 99 96.75 94.5 91.25 90 94 97.5 99.75
147.75 149.75 150 148 144.5 142 134.5 117 125.5 124.5 123.5 116.5 99 110.75 122.75 126.5 125.5 123.5 118.75 113.5 99.5 124 131.75 134.5 136.25 136 134.75 132.25 126.5 118.25 96.75 107 116 114.5 110 101 115 124.5 130 132.5 134.25 135 135.25 134.5 131.75 130 127 123 119.25 115.5 111.25 106.75 102 97.5 93.25 88 85.75 83.25 78.25 73.25 69 67.25 70.25 73.25 74.25 77 81.25 81.5 76.75 72.75 84.75 90.5 93.5 96.5 97.75 98 98 97.5 96 94 92 89.5 90.5 92 95 96.5
149 150.25 150.25 148 144.5 142 131.75 127.75 132.5 128.5 120.5 110 105.25 95.25 102.75 117.5 118.5 116.25 108.25 102 101.75 122.75 128.75 131.75 133.5 133.25 132 129.25 125.25 119.75 102.75 93 107.25 99.5 90 100.25 115.25 123 128 131.75 134.25 135.5 136.5 136 134 132.75 130.75 127 123 120.5 117.75 114 111.25 107 103.5 100.5 98.75 96.75 94.5 91 86.75 80.5 73 68 63.75 65 74 77 71.75 73 83.5 88.5 91 92.5 94 94 94 93.75 92.5 90.5 89.5 85.75 89 91 93 93.75
150.5 151.25 151 149 145 139.25 129.75 134.25 133.25 128.75 122.5 122 120 112.5 96 93.5 103.5 108.75 101.75 90 109.5 120 124.75 128.75 130.5 130.25 129.5 127 123.25 119.5 112.5 92.75 85 84.5 102 112.75 120 125.75 130.25 132.5 134.5 136 137 137 135.5 134.75 132.75 130.5 126.25 123.75 122.25 120.5 119 116 112.5 110.5 108.5 106.5 104.5 101 97 93 88.5 82 72 62 63.75 71.25 67.25 72 80.5 84.5 88 88.5 89.5 90 90 90 88.5 86.5 83.5 79.75 84 88.75 90 90.25
152.75 152.25 151.25 148.25 144 139.5 137 138.5 137 133.5 132 130.5 127.5 123.5 117 105 91.25 90.25 89.25 89.5 109.75 114.5 121.25 125.25 127 126.5 125.5 123.25 120.5 116 110.25 102 83.5 88 108.75 116 122 127 130.5 133 134.75 135.75 136.5 135.75 135 134.75 133 131.5 130 126.75 124.5 123.5 123 121.5 119.5 118 115.5 113 111.5 107.75 103.75 99.5 94.5 89 81.25 68.75 58.75 60.75 60 68.25 75.5 79 82.5 83.5 83.75 84.75 85.25 85.5 84.25 82.5 80 79.25 81.75 84.5 86 86.5
152.75 151.5 150 146.25 141.5 140 142.25 142 140 139 137.5 134.75 132 129 125 119.25 112.25 102.75 91 80.25 96.25 111.75 118 121.5 123 122.25 121.25 120 116.5 112 107.25 94 80.25 101.5 112.75 118.25 122.25 125.5 130.25 132.5 134.5 135 134.5 134 133.5 133 132 130.5 130.25 129.25 127 125.5 125 124 123 122.5 120.75 117.5 115 111.5 108 103.25 98.25 93.25 87.25 78.75 71.25 64.5 59.5 57 62.25 71.5 77.25 78 77.25 79.5 80.75 81.5 79.75 78.25 73.75 73.75 79.25 81 81.75 82
150.75 149.5 146.75 143.5 140 141.5 144 144.5 142.5 141.75 140 137.5 133.5 130 126 122 117.25 111.5 104.5 89.25 84.25 107.75 113.5 116.25 117 116.75 116 114 111.5 108 101.5 84.75 85.75 108 113.5 117 119.5 124 129 131.5 133 134 133.25 132.5 131.5 130.5 129.25 128 129 129.5 127.75 126.25 126 125.5 124.5 123.5 122 120 117 113 109 105 100.5 95.25 90.5 85.75 81.75 78 73 67.25 58.5 58.5 71 70.75 70.25 72.5 76.75 77.5 75.5 73.5 71 70.75 74.25 77 77.5 78
151.25 150.25 149.5 145.25 142.5 144.75 146.5 146 144.5 142.5 140.25 136.75 132.25 129.5 124.25 120 114.5 109.5 103.5 92.75 78.5 101 107 109.25 110 109.5 109.75 107.5 105.25 101.75 96.25 79.5 92.75 109 112.5 112.75 117.5 123.5 128.5 130.75 132 132.5 131.5 130.25 127.5 126 124 124.25 124.75 126 126.5 126.25 126 125.75 125 124 122.5 120.25 116.75 112.75 109 104 99.5 95 91.5 88.25 85.25 82.5 79.25 75 68 56.75 57.5 62.75 63 69.5 73 74 71.5 70 68.75 68.5 71.5 72.5 73.5 74
153.25 152 150.25 148.5 147.25 148.5 149 147 145 142.25 138.5 134 129.25 124.75 119.75 114.75 109.75 104 98 91.5 77.75 91.5 99.5 101.5 102 102 102 101 98.25 94.5 86.25 76.25 97.5 105.25 106.5 108.5 115.25 123.5 127 129 130 130 127 123.5 122 120 119.25 121.5 122.5 123.25 124.5 125.5 125.5 125.25 124.75 123 121 118.75 115.5 111.25 106.5 101 96.5 92.25 89.5 86.5 84.5 82.5 79.5 76 72 65.5 57.5 51.75 56 66 70.75 70.5 67.5 66.75 64.5 62 66.5 68 69.25 70
155 153.5 151.5 150.5 150.5 150.5 150 147.5 143.5 140 135 130 125 119 113.5 108 103.5 97.5 91.5 86 78.5 82 91.25 93.25 93.75 93.25 92.75 93.75 92 87.75 73 83.25 95.5 98 96.25 107.75 116.25 122.75 125.5 126.5 125.5 123.25 122 120.25 116.75 112.25 114 117.75 120.25 121.5 122.25 123.5 124.25 124 123 121 119.5 116.5 112.5 108 102.25 96.5 91.75 88.25 85 83 81.75 79.75 76.25 73.5 70 66.5 62.75 57 50 59.75 67.25 66.25 63 63.75 62 59.75 62 63 64.5 66
156.5 154.75 153 152.25 151.5 151 149.5 145.75 141.5 136.5 130.5 124 118 112.5 106.5 101 95.5 90.5 83.5 79 76.75 76.5 80.25 83.25 83 83.75 83.5 85.25 85 81 69.5 80 86.75 84.25 95.75 109.25 116.25 120.5 123 123 122 120.5 118.25 113.75 108.75 107.25 110.75 113.25 116 117.75 119.25 120.75 121.5 121.5 121 119.5 117.5 113.75 110.5 105.5 98.5 91.5 86.25 82.25 79.75 79 77.75 74 71.25 69.25 64 61.5 59.75 55.5 50.25 53.5 62.5 61.75 59.5 61 60.25 57.75 57.5 58.5 60 62
157.5 156.5 155 153.5 152.5 151.25 149.25 143.75 137.25 131.25 123.75 116.5 109.25 103 97.75 92.75 88.75 84 79.5 78.5 76.25 75.75 75.5 71 69.75 69.75 70.5 71.75 74.75 72.5 68.5 69 72 86.25 103 110.75 115 118.25 119 119.25 118.5 115.5 112.25 106.25 100 101.5 106.25 109 110.75 112.25 115.25 118 119 119.5 118.5 117 114.5 111 107.5 101.75 94.75 87.5 80.5 78.25 76.25 74 72.25 69.75 67 61.25 59.5 57.25 54 50.5 48 49.25 56 56.75 56.5 59 57.25 53.5 52 54 56.25 57.75
155.25 159 157.75 155 153.25 151.5 146.75 139.75 132.25 127 118 111 107 102.25 92.5 89.5 88.25 86.75 84.75 83.5 82 81.25 80 79.75 80.5 79.5 76.5 72.75 70 69.25 66.5 66 76 97 105.5 110.25 113 114.5 115 114.75 113 109.5 105 99 96.5 100.25 100.25 101.75 104 109.25 111.75 115 116.25 117.25 116 114.25 112 109.25 105 98.25 91.25 86 80 78.25 72.5 69.5 69.25 68.75 68.75 65.75 62.25 58.75 55.75 51.75 49.5 46.75 49.5 51.25 53.25 55.75 54.5 51.25 48.75 51 53 54
155.5 159.25 160.25 157.25 154.25 151.5 146.5 140 136.75 132.25 127.25 122.25 114.75 105.25 99.75 98.5 97.25 95.25 94 93 92.75 92 92 93.25 92.75 92 90.25 87.5 83.25 76.25 67 64 76.5 98.75 104.5 108.25 110.25 111 111 110 107.5 103.5 98.5 90.25 90.75 95.25 91.25 98 103.75 109.75 112.25 113.75 114.5 114.75 114 112.5 110.25 107 102.75 97.75 92 89.5 86.75 81.25 76.75 72.5 73.25 74.5 74 73 69.25 64.5 61.25 57.75 53.5 49.5 45.75 46.5 49.5 52.5 53 50.5 48.25 49.25 50.75 50.5
155.5 159.75 160.25 159.25 156 153 149.5 146.25 142 137.5 131.5 123.75 116.5 112.75 110.75 109.5 108 105.75 105.5 105.25 104.25 103.25 103.5 103.5 103 101.25 98 94.75 90.5 81 65.5 64.25 84.75 98 102.25 104.5 106.25 106.5 107 105 101.5 97.5 92 80.75 89 87.5 89.5 102.75 108.25 111.5 112.25 112.5 112.5 112.5 112.25 111 108.5 105.5 103 100.25 99 94.5 89.5 83.25 81.75 82 82.5 82.75 82 80.5 77 73 69 65 60 55.75 51.25 46.5 44.75 49 51.5 50.25 46.5 46.25 47 46.75
156 160 161.25 161 159 156.25 153.5 150.75 145.75 139.75 132.75 127.75 125.25 125 122.5 121.5 119.75 118.5 118 117.5 116 114.75 113.25 112.75 111 108.5 103.5 100 93.5 82.25 64.25 65.75 89.25 95 98.5 99.5 101 101.5 102 100.5 97 92 84.25 75 80 79 98.25 104.25 107.75 110.75 110.5 110.5 110.5 110.5 109.75 108.5 106.25 104.5 103 101.5 100.75 98.75 94.25 90.5 90.25 90 89.75 89.75 89.25 87.75 85.25 82 78.5 74.25 70 64 57.75 51.75 45.5 43.75 48.25 47.5 43.5 42.75 43 42.75
156 159.75 161.5 162.75 161 159.25 157.5 154.75 149.5 144.75 140.5 139 137 135 133.25 131.5 129.75 128.5 128 127 124.5 123 121.25 119 116 112.5 108.5 103 95.5 85.25 67.75 61.5 84.25 91 93 94.5 95.5 96.75 98 96 92.75 86.75 78 68.25 71 89.25 101.75 104 105.5 108 108 108 107 106.75 106 105.75 104.5 103.75 103 102.25 101.75 101 99.75 97.5 96.5 96.5 96.5 96.5 96.5 95 92.75 90.75 87.25 84 79.5 74 67 58.5 49.5 44.5 42 42.25 40.25 39.5 39.5 39
155.5 159.5 161.5 163 162.75 161 160.25 158.25 155.25 151.25 148.5 147 145 143 141 139.75 138.25 136.5 135.5 133.75 130.75 128.5 125.25 122.5 118.75 114.25 109.75 103.5 97 88 74 60 69.5 84.25 86.25 87.5 89.25 92.25 94 92.5 89.5 81.75 70 70.25 88.25 96.75 101 102.25 103.5 104.25 104.5 104 103.25 103 102.5 103.5 103.5 103 103 103 102.5 102.25 101.75 101.5 100.5 100.5 100.5 100.5 100.5 100.25 99.25 97 95 92.5 88.5 83.5 77 70 61.5 54 49.75 46.75 45.75 46.5 45.25 41.75
153.5 158.25 161 162.25 163 162.75 162 160.25 158.75 156.75 153.5 151.5 150.5 148.5 146.75 144.5 143.75 142.5 140.5 138 133.5 130.75 126.5 122.5 118.25 113.25 108.5 103 96.75 90.25 81 70 58.75 70.5 75.75 77.25 81.75 88.5 90.5 88.5 85.5 76.25 66 80.5 91.25 94 96.5 98.5 99.75 100.75 101 101 99.25 99.5 100 102 102.25 102 102.25 103 103 103 103 102.5 102.5 102.5 102.5 102.5 102.5 102 101.75 101 100.25 98.25 95.25 91.5 87 82 77 73.5 70 66.5 65 62 58.5 52.25
