shetran-prepare-snow/examples/foston100m/minDemAsciiFoston_Beck_at_Foston_Mill.txt
ncols        120
nrows        150
xllcorner    498000.000000000000
yllcorner 455000.000000000000
cellsize 100.000000000000
NODATA_value -9999
[rows 0 to 53 of 150, columns 0 to 95 of 120]
81 90 80 78 91 101 108 113 118 121 123 124 124 123 119 106 110 112 119 124 127 126 121 115 110 109 110 113 118 130 139 145 148 148 146 145 144 142 140 140 140 140 140 140 138 134 130 124 118 111 108 105 101 100 107 111 112 112 112 110 108 108 107 106 104 102 102 102 102 104 108 108 109 111 107 100 100 98 93 90 88 90 90 90 87 84 82 80 75 72 68 60 62 68 63 61
88 94 93 89 88 92 104 111 117 120 123 123 122 122 122 119 116 119 120 126 129 130 128 126 124 123 125 128 131 135 141 148 150 151 151 150 148 147 147 146 145 143 142 142 140 137 132 126 121 119 114 110 107 107 108 112 114 116 117 114 114 113 112 111 109 108 108 109 110 110 111 113 114 113 110 107 103 99 96 93 91 93 92 91 90 88 85 82 78 74 70 61 60 63 60 60
87 96 99 94 90 89 93 109 115 119 122 121 121 120 120 123 124 124 127 129 131 135 136 136 136 136 137 138 140 144 149 151 153 154 154 153 152 152 152 150 149 146 145 144 142 140 136 132 128 123 121 118 115 113 113 115 117 120 120 119 119 118 117 116 115 115 115 115 115 116 117 117 117 116 114 111 108 104 100 98 96 95 93 92 91 89 86 83 79 75 70 63 59 60 60 58
90 98 102 102 99 98 90 102 111 115 119 119 119 118 120 125 128 130 132 134 138 141 142 143 144 145 146 147 149 152 154 156 157 158 157 155 155 155 153 152 151 149 147 145 143 141 140 136 133 131 128 125 122 120 120 119 120 122 122 122 122 121 121 121 120 120 120 120 120 120 121 120 120 118 117 114 112 109 105 102 99 96 93 91 91 88 85 82 78 72 66 60 58 59 59 59
97 101 105 106 106 103 99 100 108 111 111 110 112 119 123 130 133 137 139 141 144 146 148 149 151 152 152 154 155 156 158 160 161 161 160 158 156 156 154 152 150 148 146 145 143 142 141 139 137 134 132 131 129 127 124 123 123 124 124 124 124 124 123 123 123 123 122 122 122 122 122 122 121 120 120 117 114 111 108 105 101 97 91 89 88 85 82 79 71 70 68 61 61 59 59 62
101 103 108 109 110 109 101 99 100 108 109 110 115 120 127 133 139 142 144 147 149 151 152 154 155 157 158 159 160 161 161 162 162 161 160 157 156 155 153 151 149 145 144 143 142 142 142 141 140 137 134 133 132 131 130 128 127 125 125 125 125 125 125 125 124 124 124 124 123 123 123 123 122 121 121 119 116 113 111 108 103 99 94 90 84 80 80 78 78 71 71 70 68 67 68 70
103 106 110 111 113 114 110 109 107 109 112 116 120 126 132 139 142 145 149 151 152 154 155 158 159 161 161 161 162 162 162 161 161 159 157 155 154 153 151 149 145 141 140 139 140 141 141 140 138 136 135 134 134 133 132 131 130 127 126 126 126 126 125 125 125 124 124 124 124 124 123 123 121 121 121 120 117 114 112 109 105 101 96 91 87 80 80 80 81 80 79 77 76 76 76 77
102 105 109 112 115 117 118 118 118 119 121 124 128 133 138 143 145 150 152 153 154 157 160 161 161 162 162 162 161 161 161 159 158 156 154 153 152 150 149 145 140 137 134 133 135 137 138 136 134 133 133 133 133 133 132 131 130 125 123 121 123 123 123 124 124 124 124 123 123 122 121 121 120 120 120 120 118 115 113 111 108 104 100 95 91 88 86 85 86 86 85 83 83 82 82 81
99 101 107 111 116 120 123 124 126 128 130 133 136 140 143 146 150 152 154 155 156 159 160 161 161 161 161 160 160 159 159 157 155 153 152 151 150 147 145 142 138 133 128 126 130 133 133 131 130 130 131 131 132 131 131 129 125 122 120 116 117 119 120 122 123 123 123 121 120 119 117 117 116 117 119 119 118 116 114 112 110 107 103 100 96 94 90 88 91 91 90 90 89 88 85 83
100 104 109 114 118 122 127 130 133 135 137 140 142 144 147 150 152 154 155 156 157 158 159 159 159 159 159 158 157 156 156 154 152 150 150 149 147 144 142 139 135 129 121 120 125 128 127 125 124 124 125 127 128 129 128 125 123 120 115 112 112 113 116 119 122 122 121 119 117 115 113 112 113 114 116 117 117 116 115 114 112 111 107 105 102 99 96 94 95 96 95 93 92 91 89 85
103 109 112 118 122 127 131 135 139 141 142 144 146 149 150 151 154 155 155 156 156 156 157 156 156 156 155 154 154 154 152 151 148 148 148 146 144 142 139 136 131 125 120 117 121 122 120 117 118 119 121 122 124 125 124 122 120 115 110 107 110 110 113 115 119 120 118 115 113 109 107 108 110 113 114 116 116 116 115 115 114 112 111 108 106 103 100 100 100 99 98 96 94 92 90 87
108 110 116 121 126 131 135 140 142 143 145 148 150 151 151 152 152 153 154 154 154 154 153 153 152 151 151 152 152 151 149 147 146 146 145 144 142 140 137 132 124 120 113 110 114 116 114 108 110 114 116 118 120 122 120 119 115 111 104 101 104 110 112 113 115 115 114 112 109 105 103 105 110 112 113 115 116 115 115 114 113 112 111 110 108 105 104 103 102 102 101 99 96 94 91 87
108 114 119 125 131 135 139 142 144 145 149 150 150 150 150 149 150 151 152 151 151 150 149 148 147 149 149 149 150 149 145 143 140 143 143 143 141 139 135 130 120 119 109 108 97 99 99 97 104 108 107 112 116 118 116 114 111 107 101 99 101 106 110 112 113 112 111 108 106 100 100 104 108 111 112 114 115 115 114 113 112 111 110 110 109 106 105 104 103 102 101 100 98 95 91 88
114 118 121 129 135 139 142 144 146 148 149 149 148 146 145 145 146 148 148 147 147 145 143 141 140 146 147 146 147 144 141 138 139 141 142 141 141 139 136 130 130 128 124 120 113 105 98 90 88 88 98 111 112 113 112 110 107 102 96 90 99 103 107 110 110 109 107 105 101 98 100 103 105 107 110 112 113 113 112 111 110 109 108 108 107 107 106 105 104 103 102 100 98 95 92 88
121 123 128 131 137 141 143 145 146 146 146 145 143 140 140 142 143 144 143 141 140 138 133 132 140 144 145 145 144 142 137 131 137 140 140 139 139 136 135 134 133 132 130 127 122 120 114 110 98 87 91 104 106 107 107 106 103 101 93 89 92 100 103 106 106 105 103 100 94 90 100 102 101 102 107 111 112 112 111 109 107 105 104 105 106 106 105 105 104 102 101 100 98 95 93 90
128 131 133 137 140 142 144 144 144 144 142 138 128 132 140 141 141 140 138 135 133 130 129 130 142 143 144 143 142 138 130 130 132 136 136 135 134 133 134 135 135 134 132 130 126 122 117 109 102 88 81 88 98 100 101 101 99 99 94 89 82 95 102 102 102 102 99 95 89 90 95 99 99 100 106 110 111 110 108 105 103 100 99 101 104 105 105 104 103 101 99 99 97 95 93 90
134 136 139 141 142 144 143 143 141 139 134 107 115 133 139 139 139 136 133 131 124 119 130 140 143 143 142 140 138 132 116 125 132 133 132 130 129 130 133 135 135 135 133 131 127 121 115 109 102 94 83 77 80 91 93 94 94 95 92 90 79 91 97 99 98 97 95 91 85 89 91 91 98 101 105 108 108 106 104 102 100 97 98 99 102 104 105 103 102 100 99 97 95 94 93 91
140 142 143 144 144 143 142 138 134 128 116 100 124 133 136 136 134 131 128 121 108 118 135 140 141 140 140 137 133 125 106 125 130 129 126 121 125 130 133 135 137 136 134 131 126 120 111 104 98 93 87 83 78 77 78 82 84 90 90 86 78 87 93 94 92 93 93 87 80 80 86 90 97 102 105 105 104 103 101 99 97 93 96 98 101 103 103 102 101 100 98 96 94 93 92 92
144 146 146 145 144 142 136 122 104 107 99 94 117 130 133 132 131 127 122 111 98 129 134 137 139 138 137 132 128 116 97 121 125 123 120 114 121 130 132 135 136 136 134 131 125 119 115 109 100 99 95 91 83 78 78 71 69 74 81 84 68 80 88 87 85 87 87 84 79 78 83 93 98 100 102 102 102 100 98 96 93 90 90 96 99 101 101 100 100 98 95 93 90 92 92 91
147 149 148 145 143 138 120 107 111 120 116 97 98 119 127 128 126 121 118 97 99 128 134 135 137 136 134 129 120 106 90 115 117 116 107 103 120 128 131 134 135 135 134 131 129 124 121 116 111 107 103 98 92 87 81 78 72 69 69 66 68 68 76 78 78 81 83 80 70 75 86 92 95 98 99 99 99 97 95 93 91 89 90 93 96 98 99 98 97 94 92 91 90 90 91 90
149 150 149 145 143 138 117 120 128 124 113 101 95 98 115 121 119 110 109 90 105 125 131 133 134 133 131 127 121 102 89 104 107 92 88 98 117 125 128 133 134 135 135 133 131 129 125 121 118 114 109 105 101 97 92 89 87 85 80 73 67 66 65 67 63 71 78 75 69 77 85 90 92 94 95 95 95 94 92 91 88 86 91 92 94 95 96 95 94 91 89 88 88 89 90 89
150 151 149 145 142 131 128 132 129 120 109 110 98 87 87 104 111 106 93 87 112 122 127 130 131 131 129 125 121 113 86 84 88 85 94 110 120 125 130 133 135 136 137 135 134 132 129 125 122 120 117 114 110 107 104 102 101 98 95 91 86 81 71 65 59 59 70 71 67 76 82 87 89 90 91 91 91 90 88 86 80 80 86 90 91 91 92 92 90 88 86 84 85 86 88 86
152 151 149 146 140 129 131 135 130 126 125 123 119 109 90 88 84 98 84 93 112 118 123 127 128 127 125 122 118 113 104 79 77 86 108 116 122 128 131 133 135 136 137 135 135 134 132 129 125 123 122 121 119 115 113 111 109 107 104 100 96 92 86 78 67 58 58 63 60 72 79 81 84 85 86 86 87 86 84 82 79 80 83 86 87 88 88 88 86 84 82 80 81 84 86 84
152 151 149 143 140 139 140 139 136 134 133 130 126 122 114 101 87 85 78 83 104 114 120 123 124 123 122 119 114 110 102 78 78 100 112 118 124 127 131 133 135 135 134 134 134 133 131 131 129 125 124 124 123 121 120 118 115 113 110 106 102 97 92 85 74 61 57 57 55 59 69 75 79 78 80 81 82 81 80 76 74 77 81 82 83 83 84 83 81 79 77 75 80 82 84 83
150 149 145 140 140 140 143 141 140 139 136 133 131 127 123 116 112 101 82 78 94 111 116 119 119 118 116 114 110 105 95 77 86 108 114 119 120 125 130 132 134 134 133 132 131 131 129 129 130 128 126 126 125 124 123 122 119 116 113 110 105 100 95 90 83 76 71 65 58 55 54 68 73 72 72 76 79 77 75 72 70 72 76 78 79 79 79 78 76 74 70 70 76 81 82 80
150 147 145 140 140 143 145 144 142 141 138 134 131 126 122 117 112 106 98 77 82 105 110 111 111 111 110 108 104 100 88 74 98 110 113 115 119 125 130 131 133 132 131 130 128 126 125 125 126 127 127 126 126 125 124 123 121 118 114 110 106 101 97 92 88 84 81 76 71 64 53 53 64 65 65 71 74 73 71 70 69 71 73 74 75 75 74 73 71 70 69 70 74 79 80 79
151 150 147 143 144 146 147 145 143 140 136 131 127 122 118 112 107 101 94 77 76 99 102 104 104 104 103 101 98 93 76 76 102 108 110 109 118 125 128 130 131 130 125 123 122 120 120 123 123 124 125 126 126 125 124 122 120 117 113 109 103 99 94 91 88 85 83 81 77 72 61 51 51 54 59 70 72 69 68 66 64 64 69 70 71 71 71 68 66 64 67 70 74 77 78 77
153 151 149 149 149 150 148 145 142 137 132 128 122 117 110 107 101 95 90 80 76 90 94 96 96 95 95 94 91 82 68 82 99 99 100 109 118 125 126 127 124 123 122 119 115 113 116 120 121 122 123 124 125 124 122 121 118 114 110 105 99 94 90 87 84 83 81 78 76 72 69 62 53 49 50 65 68 65 63 63 60 60 63 64 66 67 66 63 61 60 62 70 73 76 76 75
154 153 151 151 151 150 147 143 139 133 127 121 116 110 104 99 93 88 80 78 76 78 83 86 86 86 86 88 84 72 67 86 91 88 98 111 118 122 124 123 122 120 117 112 108 109 112 115 118 119 120 122 122 122 120 119 115 112 108 101 94 89 85 81 80 79 77 73 71 67 64 61 58 52 49 60 64 61 59 61 59 58 59 60 62 63 62 59 59 59 63 70 73 75 75 73
155 154 153 152 151 150 146 140 134 128 121 113 107 101 96 91 87 80 79 76 75 75 72 70 70 72 73 77 76 70 68 72 76 80 102 112 116 120 120 120 118 115 110 102 99 104 109 112 112 114 117 119 120 119 118 116 112 109 104 97 90 83 79 78 76 74 71 69 65 60 59 57 53 50 47 51 59 57 57 59 56 53 54 56 58 59 57 57 58 60 65 70 72 73 73 72
155 156 154 153 152 149 142 136 129 120 109 107 99 92 89 88 86 79 79 77 76 76 70 70 68 68 68 67 68 67 66 65 75 95 106 112 114 116 116 115 112 108 102 96 100 101 102 104 107 110 114 116 117 117 116 113 111 107 101 94 87 79 79 74 70 70 69 68 60 60 57 53 50 48 47 48 52 53 54 56 53 48 49 52 54 54 52 50 59 61 65 69 70 71 70 70
155 159 156 154 152 148 139 133 129 120 115 110 108 98 90 89 89 87 86 85 84 82 82 84 84 82 79 73 70 67 64 65 84 101 106 110 111 112 112 110 106 102 95 90 90 94 92 99 104 109 112 114 115 115 113 111 108 105 98 92 88 81 80 75 69 69 69 69 69 65 60 58 55 51 47 45 46 48 51 54 51 49 48 51 52 50 49 49 57 62 64 66 68 69 68 66
156 160 159 155 152 149 142 140 135 131 124 119 109 100 102 101 98 97 96 96 95 94 95 96 95 93 91 87 81 69 63 64 86 100 104 106 108 108 107 104 100 95 85 79 91 86 89 101 108 112 112 113 113 113 112 110 107 103 99 96 90 90 83 78 75 75 76 76 75 72 68 64 61 56 52 47 45 45 47 51 51 48 46 48 48 47 48 51 58 62 62 63 65 66 65 62
156 161 160 157 155 151 150 144 140 133 126 118 116 114 113 111 109 108 109 107 107 106 106 106 104 100 97 93 85 69 59 68 92 97 100 101 103 103 102 99 95 89 77 79 79 78 99 104 109 111 111 111 111 111 110 108 105 104 101 100 97 91 86 84 84 84 85 84 83 80 76 72 68 63 59 54 49 43 43 47 50 45 43 44 44 44 46 51 55 60 60 59 62 63 62 60
157 161 162 160 158 155 153 148 142 136 130 129 128 126 125 123 122 121 121 119 117 116 115 113 111 106 102 96 87 70 58 68 90 93 95 96 97 98 98 95 89 83 69 68 69 83 103 105 107 109 109 108 108 107 107 105 104 103 102 101 100 97 92 92 92 92 91 91 90 88 85 82 77 74 68 61 55 48 43 41 44 41 40 40 40 39 42 48 52 55 56 58 60 61 59 58
157 160 162 162 160 159 157 152 148 143 142 140 138 136 134 132 131 130 130 127 125 123 121 118 114 110 105 98 90 74 59 57 80 88 89 90 91 94 94 92 85 75 68 68 77 98 102 103 104 105 105 104 104 103 104 104 103 103 103 102 102 101 99 98 98 98 98 98 97 95 93 90 88 83 78 71 63 53 47 42 41 39 39 39 39 38 38 42 50 51 50 55 59 59 56 53
155 160 162 163 162 161 159 157 154 151 149 147 145 143 141 140 139 137 136 132 130 127 124 120 115 111 105 99 91 80 65 57 60 79 79 81 85 90 90 88 81 67 65 77 93 96 98 100 101 102 102 101 100 100 100 102 102 102 103 103 103 102 102 101 101 101 101 101 101 101 99 97 95 92 87 81 76 67 59 55 52 51 52 50 45 40 38 38 45 48 49 52 55 56 53 50
152 157 160 162 162 163 161 159 158 155 153 152 150 149 146 145 144 142 140 135 132 127 122 117 112 107 102 97 91 84 76 61 57 57 63 67 78 86 87 84 77 59 67 84 89 91 93 94 96 97 97 95 96 99 100 101 102 102 102 103 103 103 103 103 103 103 103 103 102 102 102 101 100 97 94 90 86 81 78 75 71 69 67 62 58 48 39 37 40 43 47 51 53 53 50 48
149 154 158 160 161 162 162 161 160 158 156 154 152 151 149 147 145 142 138 133 129 123 116 111 106 100 96 92 88 84 79 71 59 55 55 53 62 80 81 80 74 57 69 80 83 84 85 87 88 89 90 89 91 98 101 101 101 101 101 102 102 102 102 103 103 103 103 103 103 103 103 103 102 101 99 96 93 90 87 84 81 77 74 70 65 56 43 37 34 36 42 49 52 51 48 47
144 150 154 157 158 159 159 158 156 155 155 153 152 151 150 148 144 141 136 130 124 115 108 102 96 89 84 82 78 69 67 65 59 60 62 53 53 67 73 74 70 57 61 73 74 74 76 77 80 82 79 89 92 94 98 99 100 100 100 100 100 101 101 102 102 102 102 102 102 102 102 103 103 102 101 99 96 94 92 89 86 82 78 74 69 62 53 41 35 36 40 46 49 48 47 47
141 145 147 150 153 154 154 154 153 153 152 151 150 150 148 145 142 139 134 127 117 106 96 86 70 68 68 67 65 63 66 72 79 80 69 58 53 51 53 55 57 50 54 60 61 63 66 68 71 72 71 85 90 90 92 94 96 97 95 95 96 97 98 100 100 99 99 99 101 101 101 101 101 101 100 100 98 96 93 90 87 84 80 76 70 63 56 46 37 35 39 42 45 45 44 45
140 142 143 147 149 151 151 151 151 150 148 148 148 146 144 141 139 134 130 122 114 102 85 74 70 76 76 77 81 84 88 88 85 76 63 59 59 54 52 51 49 49 48 48 48 48 50 58 66 63 70 80 82 83 84 88 90 89 88 89 91 92 93 94 94 94 94 94 96 98 98 99 99 99 98 98 96 94 92 89 86 83 79 74 69 63 55 46 38 34 36 40 42 42 41 42
135 139 139 143 145 147 148 148 147 145 144 144 144 143 141 139 134 129 123 115 105 93 76 77 91 96 96 96 95 95 94 91 84 69 68 72 76 77 75 71 66 63 55 52 49 48 47 49 62 58 62 73 71 70 75 80 81 78 79 83 84 85 87 88 87 87 86 87 89 92 93 94 94 95 95 94 94 93 90 87 83 81 76 71 66 60 54 47 41 34 34 39 39 41 40 40
126 132 140 141 141 142 144 143 142 139 139 141 141 141 139 134 128 121 111 101 94 80 76 90 104 106 105 103 101 100 95 86 77 69 75 83 86 89 88 88 87 81 77 72 63 54 48 47 49 53 59 62 57 57 64 70 73 69 71 77 77 78 78 79 79 78 77 80 83 86 86 87 88 89 90 90 89 88 85 82 80 76 70 66 61 56 51 46 40 34 33 35 37 39 39 39
113 132 137 137 137 137 139 139 137 132 133 137 138 138 136 130 125 110 99 90 87 79 86 106 111 112 111 109 104 100 90 79 79 83 89 93 95 96 96 94 91 88 80 72 63 56 50 46 47 47 48 48 48 49 50 56 62 58 71 71 69 70 70 71 71 69 70 74 76 78 79 79 80 81 82 82 81 80 78 76 73 68 64 61 56 51 47 43 40 33 32 34 36 37 37 38
129 131 133 132 131 131 133 133 128 125 130 135 136 137 136 132 126 117 113 105 92 88 107 113 116 115 111 109 105 97 90 91 94 96 98 101 101 101 100 97 94 89 80 69 60 55 49 46 46 45 44 44 43 44 43 44 47 53 63 64 60 60 62 63 61 61 64 67 68 69 69 70 71 70 72 72 73 71 69 68 65 61 57 54 50 47 44 40 36 32 32 33 34 36 37 38
129 129 129 127 125 125 127 126 119 120 126 132 134 136 135 131 130 125 121 115 106 100 112 118 120 118 115 110 109 103 100 101 103 106 106 106 105 104 102 100 96 88 78 68 64 60 56 53 49 47 46 46 43 42 41 41 41 48 51 54 54 52 53 53 53 55 59 59 60 60 60 61 61 62 62 64 64 63 62 59 57 54 51 49 46 43 40 38 34 31 31 32 34 35 36 38
126 125 124 122 117 118 120 118 110 119 129 133 133 135 135 135 133 132 128 122 117 110 115 122 123 120 119 117 114 113 110 109 110 110 111 109 108 105 103 101 95 88 82 80 75 71 66 62 58 55 53 51 51 49 44 41 40 40 43 47 47 48 48 49 49 51 53 53 53 52 52 53 53 54 55 55 55 55 54 51 49 48 47 45 42 40 38 36 33 30 30 31 33 34 36 38
121 120 117 113 108 110 113 107 109 124 130 131 132 134 136 136 136 135 132 129 125 120 121 124 126 124 122 121 119 117 116 114 113 113 113 112 110 107 103 100 97 92 92 88 84 81 77 74 70 67 63 60 58 56 51 46 43 39 39 39 40 43 42 45 47 48 48 48 47 47 47 48 47 47 49 48 48 48 47 46 44 43 43 41 40 38 36 34 32 30 29 31 34 36 37 38
115 112 108 103 95 101 98 98 101 120 124 126 130 132 135 138 139 139 137 132 131 129 129 129 130 127 125 124 122 121 119 117 115 114 114 112 111 108 104 102 100 99 98 95 92 90 87 84 80 77 73 70 67 62 58 52 48 43 40 38 38 37 39 39 42 44 44 44 43 41 42 44 42 43 44 44 44 44 42 41 41 39 39 39 38 36 34 33 30 29 29 31 34 39 40 40
105 99 87 86 89 88 89 98 97 100 108 110 122 130 135 139 141 141 141 138 136 134 133 132 131 129 127 125 123 121 119 117 115 114 113 112 111 108 104 103 102 102 101 100 98 96 94 91 89 85 81 78 73 68 62 58 52 49 43 41 38 37 36 37 39 41 40 40 40 38 39 40 38 39 41 41 41 40 39 38 37 37 37 36 35 34 33 31 30 28 28 29 32 38 41 41
78 79 85 92 103 108 113 116 117 115 115 120 126 129 135 139 142 142 142 140 139 138 135 133 131 129 126 124 122 120 117 115 114 112 111 110 109 105 104 104 104 104 104 103 102 101 99 96 93 90 86 82 79 72 65 61 53 49 45 43 39 38 36 36 35 35 36 37 37 36 36 36 36 36 37 37 38 37 36 35 34 34 34 34 33 33 31 30 29 28 28 28 31 38 41 43
81 89 101 108 114 120 124 128 128 128 128 128 131 134 139 140 143 144 143 142 141 140 137 135 132 128 125 122 119 117 114 111 111 109 108 106 104 104 104 105 107 107 106 105 104 103 102 100 97 93 90 84 78 69 60 57 50 48 47 45 43 41 39 37 35 35 34 33 33 33 32 33 33 33 33 34 35 35 34 33 32 31 30 32 32 32 30 29 27 27 27 29 33 36 39 43
100 105 110 116 124 130 132 135 135 135 136 137 137 139 142 144 145 145 144 143 142 140 137 133 130 126 122 119 116 113 110 108 106 105 103 103 103 103 104 108 110 110 109 107 106 104 103 101 98 94 88 83 73 69 65 59 55 53 50 49 48 47 45 42 39 37 35 33 32 32 31 31 31 30 30 31 32 33 33 32 30 29 29 31 31 31 30 28 26 26 28 30 33 37 40 44
