shetran-prepare-snow/examples/foston100m/minDemAsciiFoston_Beck_at_Foston_Mill.txt
ncols        120
nrows        150
xllcorner    498000.000000000000
yllcorner 455000.000000000000
cellsize 100.000000000000
NODATA_value -9999
[rows 54 to 107 of 150, columns 0 to 95 of 120]
103 112 118 124 131 135 139 140 140 140 142 142 142 143 146 146 146 145 145 143 141 139 134 131 127 122 119 115 111 108 106 104 102 101 100 99 101 102 105 107 109 110 110 108 108 105 104 102 99 95 90 86 81 77 71 67 65 62 59 58 56 54 52 49 46 42 38 35 33 32 32 31 30 29 29 29 29 30 31 30 30 28 29 29 29 29 28 26 26 26 28 31 35 38 41 46
110 116 122 130 135 139 142 142 143 143 144 145 147 149 150 149 148 146 145 142 139 136 131 127 122 118 114 110 107 104 102 100 98 98 98 100 101 102 104 105 107 109 110 109 108 106 105 103 101 99 94 90 88 84 81 79 73 73 71 68 66 63 60 57 54 49 44 39 39 39 35 34 32 31 29 29 28 28 28 28 28 27 27 27 27 27 26 26 26 27 30 33 36 40 44 48
117 121 128 133 137 140 143 144 144 145 147 149 151 151 151 150 150 147 145 142 137 132 128 122 119 113 110 105 102 100 99 98 95 94 96 99 100 101 102 103 104 105 105 105 104 104 105 103 102 100 98 94 92 90 87 85 81 81 79 77 74 71 68 64 61 55 50 46 46 44 40 38 36 34 32 29 28 28 28 27 27 27 26 26 26 25 25 25 24 26 29 30 34 38 43 50
119 125 131 136 140 141 143 145 145 147 150 150 151 152 152 151 150 147 145 142 137 132 125 120 116 110 108 104 100 99 98 97 90 90 92 94 98 99 101 101 102 103 102 102 102 101 103 102 101 101 100 97 95 93 91 89 87 86 84 82 80 77 73 70 66 61 57 54 53 49 46 44 40 37 34 32 30 29 29 28 28 28 27 27 26 25 25 24 24 25 27 29 33 38 44 50
119 128 133 137 140 141 143 144 145 146 148 149 150 151 150 150 148 146 144 142 138 133 128 122 119 113 111 107 104 101 97 92 89 89 90 90 94 96 97 98 99 100 100 99 98 99 100 100 100 100 101 100 97 96 93 92 91 89 87 85 83 81 79 75 71 67 63 62 59 56 53 50 46 41 39 35 33 31 31 30 29 30 29 29 27 26 25 25 24 24 26 28 33 39 40 49
121 129 133 136 139 140 142 142 143 144 146 147 148 148 148 147 146 145 144 142 138 134 130 125 122 119 114 112 108 104 101 97 92 89 89 85 88 91 91 94 96 96 95 94 93 95 97 98 97 98 99 96 95 94 93 93 92 91 89 87 84 83 81 79 75 72 70 68 65 63 60 58 51 45 40 38 36 34 33 32 32 32 31 30 29 27 26 25 24 24 25 27 31 36 42 48
124 130 132 134 137 137 138 139 140 142 144 144 145 146 145 145 144 144 142 141 139 135 132 128 124 120 117 113 110 106 103 100 96 92 89 80 79 84 88 91 91 91 90 90 89 92 94 95 94 95 95 93 92 92 91 91 91 91 89 86 85 83 82 80 78 75 74 73 70 69 65 60 56 49 45 41 38 37 35 35 34 33 33 31 30 29 26 25 24 24 24 26 29 35 40 46
126 130 131 133 133 133 132 135 138 140 141 143 143 143 143 143 143 142 141 140 137 134 132 128 124 119 115 111 109 105 102 99 95 93 90 82 79 80 83 86 86 85 84 86 88 90 91 91 91 90 89 89 89 89 88 88 88 88 85 84 83 82 81 81 80 78 76 75 74 72 70 65 61 56 50 47 43 40 38 37 36 36 34 32 30 29 27 26 24 23 23 25 28 33 39 44
124 127 129 129 128 128 128 130 134 137 139 140 141 140 141 141 140 139 139 137 134 132 130 126 122 117 112 108 104 101 98 94 91 90 86 81 78 79 82 82 81 80 79 82 85 87 88 88 87 85 83 83 84 84 84 84 84 83 82 81 80 80 80 80 80 79 78 77 75 74 71 68 65 61 57 54 50 47 44 42 40 39 36 34 31 29 27 26 24 23 23 24 28 33 38 44
122 123 125 124 120 120 126 130 131 133 135 136 137 137 137 136 136 135 135 134 131 130 128 125 121 117 111 106 100 98 90 90 88 84 82 79 74 76 79 77 76 77 79 81 83 84 83 83 82 79 78 78 79 79 79 79 80 79 78 78 77 77 77 78 79 80 78 77 76 74 72 70 68 65 63 61 56 53 51 49 46 42 38 35 32 29 27 26 24 22 22 23 27 33 39 44
119 119 121 118 118 120 123 126 128 130 130 130 132 131 131 131 131 131 131 131 130 128 125 123 120 116 111 106 100 98 90 88 80 80 79 73 70 70 73 72 71 73 77 79 81 81 79 79 77 74 72 72 74 75 75 75 75 75 74 74 73 73 74 76 77 77 76 75 74 74 73 71 70 69 66 64 60 58 56 54 51 46 40 36 31 29 27 26 25 23 22 22 25 31 37 42
114 115 112 109 111 117 120 123 124 126 126 126 126 126 126 126 126 126 127 127 126 124 122 121 119 116 112 108 104 101 95 90 82 78 76 70 69 69 70 69 69 70 74 76 78 78 76 74 72 69 69 69 70 71 71 70 70 71 70 70 70 70 70 73 74 75 74 73 73 72 72 71 70 70 68 66 63 61 60 57 54 49 44 39 33 29 27 26 25 23 21 22 25 30 35 40
109 108 103 109 111 113 116 118 120 121 121 120 119 120 121 121 121 120 123 123 123 120 118 118 116 115 113 110 106 102 98 93 88 81 76 71 69 69 69 69 69 69 71 74 76 74 72 70 69 67 68 68 70 68 67 67 68 69 68 67 67 68 70 71 72 72 71 70 69 69 68 69 69 69 68 66 64 63 61 60 57 52 47 41 35 30 28 26 25 24 21 21 24 28 33 39
101 98 99 104 108 109 112 113 114 115 115 114 114 114 114 116 118 119 121 120 119 117 115 114 114 114 112 111 109 104 101 96 91 85 79 76 72 70 69 69 68 62 67 71 72 71 70 67 64 65 66 66 67 65 64 63 65 66 65 64 64 66 67 69 68 68 67 65 63 63 63 64 65 66 66 66 65 64 62 60 59 55 49 43 37 31 28 26 25 24 20 19 23 27 32 38
90 89 100 99 100 105 108 108 108 109 108 102 101 109 109 113 116 118 118 116 114 113 110 109 112 112 111 111 109 106 102 98 93 88 83 80 76 72 70 71 67 60 59 65 68 68 66 63 60 60 64 64 65 63 61 60 62 64 63 60 60 63 64 65 64 63 62 60 57 56 57 61 60 62 64 64 64 63 62 61 59 55 50 43 38 34 29 27 26 24 19 20 22 26 30 34
80 82 92 89 98 102 102 102 102 100 96 91 97 104 110 113 115 116 115 114 111 109 105 106 110 110 111 110 109 106 103 99 95 91 88 83 80 77 75 73 70 62 59 59 62 64 62 61 60 60 61 62 63 61 59 60 61 62 61 60 60 61 62 61 59 59 56 53 50 49 50 53 56 58 61 60 61 61 61 61 58 53 48 44 41 36 30 28 26 24 19 19 22 24 29 31
80 77 79 88 99 99 96 95 95 93 90 88 100 109 112 112 113 114 112 110 107 104 103 104 106 106 110 108 105 105 104 101 98 94 91 86 80 80 79 76 72 66 61 59 59 60 60 60 60 58 60 61 60 58 58 60 61 61 60 59 60 60 59 57 55 53 50 47 45 44 45 47 52 54 55 55 56 57 58 59 55 51 49 46 42 38 31 28 27 24 20 19 20 23 26 29
80 69 72 90 94 93 89 86 87 82 80 90 102 106 109 110 111 111 110 107 105 99 100 101 101 103 105 105 104 104 103 101 99 95 89 88 84 83 81 78 73 67 63 59 59 59 59 58 56 50 52 55 55 54 55 59 59 58 58 57 57 57 55 52 50 48 45 42 41 40 41 43 46 47 47 48 50 52 54 55 52 50 50 47 43 39 34 30 28 24 21 19 18 20 23 26
81 69 69 86 91 88 84 77 73 68 78 95 100 103 105 107 107 106 105 103 101 90 90 97 98 101 102 103 102 102 102 100 99 96 90 90 90 86 83 80 75 70 66 60 59 59 59 58 51 49 49 49 47 49 52 54 55 54 55 55 55 54 52 49 47 43 39 37 37 36 36 36 38 39 40 43 46 48 49 52 50 50 49 46 43 40 36 32 30 26 21 19 18 18 20 23
78 59 66 83 86 84 80 70 66 68 91 94 98 100 101 102 102 101 101 100 96 84 83 89 90 98 100 102 102 102 101 100 100 98 95 93 92 89 85 81 77 72 69 64 61 61 60 60 56 53 50 50 48 47 49 52 51 49 53 53 52 52 50 46 43 38 38 38 39 39 38 36 35 35 36 38 40 44 46 48 48 48 46 44 42 40 37 33 30 27 22 19 18 18 19 21
72 58 68 80 81 79 72 66 66 86 90 90 94 96 97 98 99 100 99 96 92 82 77 81 90 94 99 101 102 102 102 102 101 100 98 95 93 90 85 81 77 70 69 70 68 65 63 61 60 57 54 52 51 47 45 48 48 50 51 51 50 49 45 42 40 38 41 47 46 43 42 41 39 34 34 35 38 41 43 44 45 45 44 42 40 37 36 32 30 27 23 21 18 17 18 20
64 58 63 74 76 74 64 59 80 83 86 88 90 92 94 94 95 96 95 92 87 79 70 79 88 96 100 102 103 104 103 103 102 101 99 95 91 87 84 79 78 73 72 72 71 69 66 63 62 60 57 54 52 49 45 45 46 49 50 48 46 43 40 39 39 42 49 51 50 48 44 42 39 36 34 33 33 34 41 39 42 43 43 42 39 36 35 30 29 27 24 21 19 17 17 19
49 51 58 66 69 68 59 61 78 78 80 84 85 87 89 90 92 92 90 85 79 69 69 85 94 99 101 103 104 104 104 104 102 101 97 94 89 88 86 82 80 79 77 74 73 71 69 66 63 60 58 55 52 50 49 45 43 42 41 41 40 39 39 39 43 50 52 52 49 48 45 40 39 39 37 34 33 32 32 35 40 41 42 41 41 39 36 32 30 28 25 22 19 17 17 17
47 48 48 50 56 61 58 66 71 74 77 79 79 81 84 86 88 87 82 75 63 65 79 93 99 101 102 103 104 104 104 104 102 100 98 95 92 90 88 85 82 82 79 77 75 73 70 67 63 59 57 56 53 50 49 47 45 44 42 43 40 41 42 44 49 51 53 54 49 47 46 43 41 43 40 37 35 33 31 30 34 37 38 40 41 40 38 35 32 30 27 24 21 18 17 16
66 55 49 47 46 48 48 62 66 70 72 71 71 77 80 83 83 81 74 60 58 73 89 94 98 100 102 102 103 104 104 103 102 101 100 97 94 92 90 87 84 82 79 76 74 72 69 66 62 59 58 57 54 50 50 50 50 50 51 52 50 50 50 50 49 50 56 57 53 50 50 49 49 49 46 41 38 35 33 29 28 29 30 34 38 40 39 37 34 31 29 27 23 20 18 16
75 69 65 60 49 45 47 52 60 67 65 63 70 75 78 80 78 72 62 57 65 83 90 93 96 99 100 101 102 102 102 102 102 101 100 98 95 92 90 87 83 80 78 74 73 71 69 64 62 60 59 58 58 56 57 59 59 60 62 62 63 61 61 60 59 59 60 60 59 59 59 57 56 55 51 46 40 38 39 34 28 27 27 27 33 38 40 38 35 33 31 30 27 23 20 19
83 82 78 73 62 50 45 42 46 60 57 59 71 73 75 76 72 63 57 57 76 83 88 91 93 95 98 100 101 101 101 101 101 100 98 95 93 90 87 84 81 78 75 72 69 68 67 62 60 60 60 61 61 63 66 68 69 70 71 72 72 72 71 70 69 68 69 69 67 67 66 65 63 60 58 51 45 40 42 42 39 32 28 26 28 34 39 39 36 35 33 32 30 28 24 20
91 89 86 82 73 69 63 45 43 47 49 57 64 68 70 71 65 50 51 70 75 80 84 87 89 91 94 97 98 99 99 99 99 97 95 92 90 87 84 81 79 76 73 71 69 68 65 60 60 61 64 67 69 71 73 76 77 78 79 80 80 80 79 79 78 77 76 75 74 73 72 71 68 65 62 55 49 46 45 43 41 38 31 27 25 30 34 35 35 35 35 35 34 32 30 28
98 94 92 88 84 80 76 70 55 45 44 46 49 60 65 66 62 48 58 66 70 76 80 80 84 89 91 93 94 95 95 96 95 94 92 89 86 83 80 77 75 72 71 71 70 68 68 67 68 69 72 74 76 78 80 81 83 84 85 85 85 86 84 84 83 82 81 80 79 78 76 74 72 69 64 59 53 50 47 43 39 38 36 30 26 24 29 31 33 35 36 36 37 36 34 31
101 99 96 93 90 88 85 81 76 65 50 45 44 45 56 61 55 49 52 58 67 71 71 76 79 84 88 89 90 90 91 92 92 90 89 85 82 79 75 73 71 70 69 69 68 68 69 69 71 73 76 79 80 83 84 85 87 88 89 89 89 90 89 87 87 86 85 84 83 81 80 77 74 71 67 62 58 54 50 47 41 41 41 38 31 25 24 24 29 33 35 35 36 35 33 30
102 101 100 97 94 93 91 86 82 78 70 61 46 46 44 49 52 45 48 57 62 61 67 71 75 79 82 83 85 86 86 87 87 85 83 80 77 73 71 69 68 67 66 66 65 67 68 70 72 74 77 79 82 84 86 89 90 90 91 92 92 92 91 90 88 88 87 86 85 83 81 79 75 73 70 66 62 58 51 49 48 48 45 41 40 32 26 23 23 31 32 33 33 31 29 28
103 102 101 100 97 94 93 90 85 81 74 68 60 49 40 39 40 40 40 51 56 59 63 68 70 72 75 77 78 79 81 82 82 80 78 75 72 69 66 65 65 64 63 62 60 65 68 70 72 75 77 79 82 85 87 89 89 90 90 91 89 89 89 88 87 87 86 85 85 83 80 78 74 72 71 68 64 60 57 52 52 51 49 44 42 40 32 26 22 22 29 30 30 28 26 25
102 101 100 100 98 95 93 89 85 79 71 65 59 52 50 44 41 39 37 39 47 56 60 62 63 62 69 68 68 72 76 78 77 75 73 70 67 65 62 60 62 62 61 60 60 61 67 71 73 76 79 81 83 85 86 87 87 87 88 88 87 86 86 85 85 84 84 83 82 80 78 75 72 70 69 66 64 61 60 57 54 53 50 47 43 40 33 28 24 21 21 24 25 24 24 23
101 100 99 98 97 95 93 90 86 81 79 73 71 70 67 64 60 50 36 36 43 52 55 55 57 57 61 61 61 69 72 73 72 70 68 65 63 61 59 59 60 60 60 59 59 64 69 72 75 77 79 81 83 83 84 84 84 84 84 84 83 83 83 82 81 81 80 80 79 76 74 72 69 67 65 63 62 61 60 59 54 52 49 46 41 38 33 28 25 22 20 20 21 21 22 22
99 99 98 97 96 94 93 91 89 85 82 80 78 77 74 70 64 56 41 35 39 47 49 48 48 52 52 51 58 64 70 71 69 67 63 61 59 59 58 58 59 59 59 60 63 69 72 73 75 75 77 79 81 81 81 81 80 80 80 79 79 79 79 78 77 77 76 74 73 71 71 68 65 63 61 60 59 59 57 54 51 49 48 45 42 39 35 31 28 24 20 20 20 19 20 19
95 96 96 95 94 93 93 91 90 88 85 84 83 82 79 73 67 58 47 37 38 40 41 40 39 43 43 48 56 63 67 67 66 63 59 58 57 58 57 58 58 59 60 63 68 71 72 73 74 74 74 76 77 77 77 76 76 75 75 74 73 73 73 73 72 71 70 67 67 67 65 63 60 60 57 56 56 55 53 50 49 46 45 42 40 38 34 32 30 28 24 21 19 19 18 15
91 92 93 93 93 92 92 92 90 89 87 85 84 83 80 75 67 59 50 40 37 36 33 34 38 38 38 43 53 61 63 65 64 61 59 57 54 57 57 57 58 60 62 67 70 72 72 73 72 71 72 73 73 72 71 71 70 69 69 68 67 68 68 67 66 65 65 62 62 62 60 58 56 55 53 51 51 51 50 48 46 43 41 40 37 35 33 32 31 29 27 23 21 19 17 14
89 89 91 91 91 90 90 91 90 89 87 86 85 84 81 77 70 66 59 52 47 41 41 44 41 38 38 38 45 55 60 61 63 61 59 56 52 55 56 58 59 62 65 68 70 70 70 71 70 70 69 68 67 67 66 65 64 64 64 62 63 61 62 61 60 58 58 59 57 58 55 53 50 50 49 48 48 47 46 44 42 40 38 36 34 32 30 31 30 28 26 24 22 20 18 15
86 87 88 88 88 87 87 88 87 86 86 85 85 84 82 79 76 72 66 63 60 58 59 55 51 45 38 36 37 48 55 58 61 60 57 53 50 53 55 58 60 60 62 64 67 68 67 67 67 65 63 61 61 60 60 58 58 59 59 57 58 57 57 56 55 53 53 53 52 53 51 50 47 45 44 44 44 43 42 40 38 36 34 31 30 29 29 30 28 26 24 23 22 20 18 15
84 84 85 84 84 84 84 84 84 83 84 85 85 84 83 80 79 75 72 69 66 63 62 60 56 52 43 37 36 38 51 56 59 58 55 50 50 50 54 58 60 61 62 63 64 64 63 62 62 59 58 56 54 54 54 53 53 54 54 51 52 51 51 50 50 48 48 49 49 49 47 45 43 41 40 40 42 39 39 37 34 32 30 29 28 27 27 27 26 24 23 21 20 18 15 12
82 82 82 81 80 80 80 80 81 81 83 83 84 83 82 81 80 78 75 73 70 67 64 63 60 54 48 40 36 35 46 52 56 56 53 50 50 50 53 55 57 58 60 59 60 59 58 55 55 52 52 50 48 49 49 48 49 50 49 47 47 47 46 45 45 44 44 46 46 45 43 42 41 39 37 37 39 37 35 33 30 29 28 27 26 25 25 24 23 22 21 20 18 15 14 12
81 80 79 77 76 78 77 77 78 79 81 82 83 82 81 80 80 78 76 74 71 69 66 64 61 57 52 47 37 37 39 47 51 53 51 50 49 51 53 53 52 52 52 51 51 51 50 49 48 48 47 46 43 43 44 44 45 46 45 43 43 43 42 41 40 39 40 43 43 42 39 39 38 36 34 33 34 33 32 30 29 27 26 25 24 23 22 22 21 20 20 19 16 14 13 12
79 77 75 73 72 75 75 75 77 79 80 80 81 80 79 79 78 76 74 72 70 69 66 65 62 59 55 49 41 37 37 40 46 49 51 46 49 49 52 51 50 50 50 50 49 49 49 46 44 44 43 41 38 38 40 40 41 42 42 39 39 40 40 37 37 37 40 42 41 39 38 37 35 33 30 29 30 29 30 29 27 25 24 22 20 19 20 20 19 19 18 17 15 14 13 12
73 73 71 70 69 71 73 72 74 75 77 77 78 77 76 75 74 73 72 71 70 69 67 66 63 61 60 53 43 38 37 37 42 48 48 40 45 47 49 48 48 47 47 46 45 44 43 40 40 40 40 38 36 36 37 37 38 39 38 36 36 36 37 34 34 36 38 39 40 38 36 34 33 31 30 29 28 28 28 26 25 23 22 21 20 19 19 18 18 18 17 15 14 14 13 12
70 70 69 68 68 70 71 70 70 72 73 73 74 73 73 72 71 71 70 70 70 70 68 66 64 62 61 56 48 38 37 36 40 42 41 40 40 45 47 44 44 44 43 42 40 39 39 37 37 37 36 34 33 33 34 34 35 36 35 34 33 33 33 32 30 33 35 38 38 36 34 32 30 29 29 28 27 26 25 24 23 22 21 20 19 19 18 18 18 17 16 15 14 14 13 12
66 66 65 66 68 70 70 68 70 71 70 70 70 70 70 69 69 68 68 68 67 66 65 64 63 61 60 56 51 41 38 34 38 39 39 40 41 43 44 40 40 40 40 39 37 36 36 35 35 35 33 32 30 30 31 32 32 32 32 31 30 30 30 30 28 30 33 35 36 34 32 30 30 28 28 27 26 25 25 21 21 21 20 20 18 17 17 17 17 17 16 14 14 15 13 12
62 62 63 64 66 68 69 69 70 70 69 68 69 68 67 67 66 65 66 66 65 65 64 62 61 60 59 55 52 47 40 37 36 35 40 41 42 42 40 40 39 39 38 37 36 35 35 34 34 32 30 30 29 29 30 30 31 31 31 30 29 29 29 29 28 30 31 33 34 33 31 30 30 28 28 27 25 23 20 20 20 20 20 19 18 17 17 17 17 17 17 16 16 16 15 14
59 59 60 61 63 65 66 66 67 67 66 65 65 65 64 63 63 64 64 63 63 62 60 58 58 58 56 53 49 46 41 37 31 29 34 41 42 42 41 40 39 38 37 36 35 34 34 33 30 29 29 29 28 28 28 29 30 30 29 29 28 27 26 28 28 29 30 33 33 32 30 30 29 28 27 26 24 23 20 19 19 19 19 18 18 17 17 16 16 16 16 15 15 15 15 15
58 58 60 60 61 63 64 63 63 63 63 61 60 61 60 59 61 62 62 62 61 61 58 55 53 54 56 53 49 46 40 35 30 29 30 40 42 42 41 40 39 38 37 36 35 34 34 32 30 29 29 29 28 28 28 28 28 28 27 27 26 25 25 25 28 29 30 32 32 31 30 29 28 27 26 25 24 22 21 20 19 19 18 18 17 17 16 15 15 15 15 14 14 14 14 14
57 57 59 60 60 62 62 60 59 59 59 59 58 59 59 58 59 60 60 59 59 58 55 51 49 49 52 52 50 47 42 36 30 29 31 40 42 42 42 41 40 39 38 36 36 35 34 34 33 31 30 30 29 29 28 27 25 25 25 25 25 25 24 25 28 30 31 32 31 31 30 29 27 26 25 25 23 22 21 20 19 18 18 17 17 16 15 14 14 15 14 13 12 12 11 12
57 57 57 56 56 58 58 56 56 56 56 57 57 57 57 56 56 58 58 56 57 55 52 49 48 48 50 51 50 48 42 35 30 29 31 39 41 41 41 42 41 39 39 37 36 36 35 35 35 34 34 32 30 29 28 27 25 25 24 24 24 24 24 26 29 31 31 31 31 31 30 28 26 25 24 23 22 21 21 20 19 18 18 17 16 15 14 14 14 13 12 11 11 10 9 11
56 55 55 53 52 52 52 52 53 53 53 53 55 57 55 52 52 55 55 54 51 50 49 47 47 47 48 49 48 45 42 35 29 29 30 34 38 40 41 41 41 40 40 39 37 37 37 36 36 36 35 34 32 31 30 28 28 26 24 24 23 24 24 26 29 31 31 31 30 30 28 26 25 23 22 22 21 20 20 19 18 17 17 17 16 15 14 13 13 12 10 10 10 9 9 9
55 54 51 50 49 49 49 48 50 49 49 49 53 57 51 48 49 50 49 48 48 47 46 44 45 45 46 47 47 45 42 36 29 28 29 30 34 36 39 40 40 41 40 40 39 39 38 38 37 37 36 35 34 33 31 30 30 28 25 24 22 23 24 25 28 29 30 30 30 29 27 25 23 21 20 20 20 19 18 18 17 17 16 16 15 15 14 13 12 11 10 9 9 9 9 9
54 52 48 48 47 48 45 45 45 47 49 49 50 57 52 49 48 47 47 46 46 46 44 40 40 42 44 45 45 45 43 40 32 28 28 28 30 33 35 36 38 40 40 40 40 40 40 40 38 37 36 35 34 32 31 31 30 29 25 21 20 22 24 25 28 29 30 30 29 28 26 24 21 20 19 19 17 17 16 16 16 16 15 15 15 14 13 12 12 11 10 9 9 9 8 8
