shetran-prepare/prepare/dem_min_4_sub.asc
ncols        147
nrows        190
xllcorner    3448500.331265599933
yllcorner    5321100.167325999588
cellsize     1000.000000000000
NODATA_value  -9999
[rows 42 to 83 of 190, columns 0 to 93 of 147]
92 91 93 96 93 89 90 94 79 79 64 71 64 86 73 71 78 71 72 90 89 85 87 88 76 71 78 84 97 142 236 275 257 176 119 112 120 133 140 154 150 169 175 193 265 255 224 204 191 194 192 203 208 233 185 179 156 139 109 147 158 146 155 255 281 272 255 253 262 227 225 246 273 301 293 200 178 186 284 242 244 285 254 257 219 223 261 288 258 209 210 218 194 199
90 95 96 95 92 92 91 98 85 86 72 65 62 84 76 78 76 78 64 89 97 99 95 94 82 94 87 87 95 121 263 217 224 189 110 107 126 170 185 176 164 158 171 188 216 216 212 200 186 180 190 202 213 230 220 180 162 147 108 134 140 145 183 252 292 279 262 240 258 220 236 251 299 279 285 259 185 181 254 233 278 258 215 216 219 315 291 204 194 192 201 197 198 232
90 98 98 93 91 88 97 92 93 77 77 75 77 79 62 64 77 83 70 79 82 94 99 101 80 91 91 79 89 113 245 207 195 171 118 100 116 125 170 158 148 156 152 177 190 205 195 192 189 179 178 194 214 221 230 227 286 170 121 145 150 216 248 274 288 279 257 231 229 201 280 265 272 272 294 227 179 180 237 217 278 198 209 271 284 263 222 188 185 192 199 216 237 302
88 88 88 86 94 99 91 88 90 83 77 -4 74 72 74 77 75 78 88 81 88 96 93 96 78 91 92 85 94 122 223 180 172 162 183 153 127 123 140 145 148 148 155 166 186 205 198 178 190 175 178 198 217 217 247 272 287 234 131 134 191 185 232 279 279 265 252 230 202 219 300 306 252 272 288 225 172 167 166 198 201 187 207 294 270 225 194 193 207 284 293 288 301 328
94 91 89 82 81 89 88 84 82 94 82 48 68 64 73 51 56 66 89 92 90 90 94 91 69 94 80 83 97 139 191 144 160 165 177 160 139 129 129 140 131 146 146 142 183 202 190 168 166 168 177 187 194 204 198 238 265 196 138 125 131 137 272 256 284 279 252 262 199 204 300 286 222 228 263 248 188 165 167 171 166 169 174 221 207 186 192 243 295 315 324 304 293 312
96 94 92 92 90 85 77 89 89 91 72 65 76 61 76 73 81 50 77 81 90 91 98 91 72 91 69 95 105 135 154 150 154 177 181 163 147 121 127 136 170 157 149 143 165 185 165 162 162 175 176 179 181 190 202 238 279 263 181 172 134 134 140 247 282 258 257 254 191 184 233 278 206 179 222 178 170 165 166 167 171 169 169 170 177 188 230 276 298 260 268 252 257 294
96 91 94 89 84 84 87 92 85 64 73 63 76 66 75 85 90 50 62 81 81 81 91 94 94 93 76 101 112 130 124 158 149 161 165 159 172 127 127 136 185 204 157 152 153 158 159 162 169 192 188 181 179 188 204 251 278 278 224 159 144 138 134 209 264 231 231 248 226 170 207 226 162 159 159 154 164 166 258 286 299 255 169 188 180 188 272 292 261 198 248 215 282 186
90 90 98 92 87 86 89 97 80 87 82 79 76 38 52 82 89 50 52 81 83 89 90 93 96 92 95 103 110 121 124 120 150 138 136 157 165 151 132 178 202 218 209 169 167 161 184 165 169 176 198 212 188 193 207 245 254 281 256 173 125 135 136 188 243 232 212 219 164 146 154 156 161 161 159 163 198 214 256 264 294 289 283 259 240 240 261 205 182 174 179 182 177 181
98 92 91 92 87 86 96 92 76 73 84 84 85 83 77 81 85 92 96 86 86 87 91 91 97 95 60 97 107 108 141 130 133 134 136 148 168 165 135 141 180 191 199 198 177 166 192 175 174 182 183 201 234 207 200 218 243 268 252 204 139 135 135 154 190 230 196 154 164 146 153 159 154 223 239 238 258 285 243 276 299 278 253 178 172 174 176 169 162 311 287 193 185 232
97 94 95 96 84 82 91 73 80 73 69 85 78 83 76 74 80 95 97 99 93 92 91 90 92 99 61 88 113 111 123 151 139 147 161 147 168 189 144 140 152 194 188 218 209 203 219 216 201 214 189 194 218 259 245 251 244 264 230 167 159 151 131 154 178 204 166 141 148 145 154 206 202 200 231 249 260 256 236 239 247 260 237 172 171 187 175 178 206 262 291 297 206 199
103 103 101 99 94 74 76 68 66 76 86 83 76 76 56 80 72 91 89 94 93 95 86 88 94 93 90 103 119 119 117 181 160 167 175 159 163 173 148 142 141 184 171 185 175 218 217 226 257 250 215 206 210 230 262 271 251 242 233 195 245 142 138 172 183 201 150 142 148 149 187 173 178 188 194 227 232 228 217 237 219 252 257 182 173 279 284 196 197 210 242 243 311 230
102 84 70 84 82 73 80 83 87 81 79 73 74 81 90 82 88 83 83 79 99 96 90 87 90 90 90 115 132 130 125 139 138 144 179 173 187 180 157 144 138 146 157 171 153 182 195 216 253 252 248 221 228 226 238 248 252 240 225 211 214 156 133 154 185 155 144 139 178 169 145 151 154 166 170 194 202 221 190 229 208 216 233 166 167 200 264 262 274 237 243 265 264 302
93 96 84 83 78 81 84 87 82 82 84 80 73 86 76 90 93 91 90 90 93 96 88 81 86 82 79 141 140 136 134 133 136 139 160 159 183 191 167 157 153 150 145 150 153 174 189 225 230 236 245 242 252 246 242 238 237 239 223 222 217 191 131 146 149 138 142 130 147 141 148 178 153 155 167 177 176 179 162 151 157 164 165 165 169 196 250 264 274 289 248 267 279 288
100 102 91 87 79 79 76 82 84 84 70 89 89 88 90 79 93 94 92 84 84 100 94 93 86 78 94 114 115 135 166 158 153 142 146 168 172 179 164 165 178 165 158 145 150 178 178 231 216 236 248 257 256 256 251 236 229 227 226 225 207 163 138 138 138 144 151 137 144 141 163 186 187 151 146 149 149 156 160 160 162 163 204 233 183 190 279 271 275 280 257 268 267 282
99 103 105 93 80 78 55 84 86 86 84 86 90 88 81 93 92 92 90 90 92 96 87 75 69 82 98 117 118 123 151 163 169 155 153 154 171 204 197 190 168 168 163 165 159 162 169 174 195 219 237 239 245 240 226 219 219 214 213 229 220 196 145 139 142 138 133 138 145 176 181 180 186 173 164 157 157 157 166 194 205 212 227 248 190 190 256 240 240 260 269 262 276 291
101 94 94 92 83 83 42 80 83 84 88 86 87 85 63 92 86 86 80 101 98 102 92 85 95 88 113 107 110 126 151 174 190 195 173 158 162 178 215 196 172 159 182 194 165 165 177 207 220 228 234 241 241 226 213 206 197 198 201 206 213 219 195 189 175 140 139 153 171 173 178 189 185 187 167 171 167 167 168 169 175 200 217 255 229 200 236 234 227 246 254 266 269 280
110 95 105 93 99 70 66 82 88 85 74 88 89 103 54 94 90 83 76 103 95 94 100 88 85 74 116 116 122 138 172 178 184 191 173 166 166 176 200 216 191 238 219 193 181 161 168 197 218 226 228 225 242 223 218 201 194 191 190 191 212 194 188 200 174 142 139 145 170 172 181 203 195 183 183 195 175 177 185 177 176 184 188 231 200 196 212 224 231 251 245 252 274 275
99 98 108 98 84 67 71 74 85 80 82 85 88 98 85 91 95 73 69 94 101 94 97 85 87 74 116 124 139 149 169 201 201 210 216 183 191 192 204 222 218 242 229 227 198 161 159 192 210 224 206 225 228 222 217 210 206 198 208 187 174 175 184 181 170 150 82 82 162 169 182 228 203 215 246 206 185 225 205 197 204 188 188 175 214 229 210 212 216 219 231 237 249 259
85 101 94 88 84 83 62 80 89 80 53 83 91 94 98 100 101 98 97 90 102 106 100 98 75 105 119 149 161 165 164 163 170 191 180 189 218 217 228 230 209 212 220 207 185 176 163 191 217 210 200 210 238 220 208 235 228 217 210 204 190 167 165 159 169 151 116 143 143 163 177 225 226 196 209 227 203 203 250 231 217 211 192 190 207 225 226 216 221 218 226 238 246 257
98 90 86 85 81 84 84 77 82 85 81 86 83 90 85 95 98 92 95 93 90 90 98 96 94 102 112 125 153 135 134 132 139 166 154 166 179 189 201 211 204 199 215 215 198 175 169 193 214 197 200 205 228 215 204 199 207 218 208 198 191 174 158 155 149 142 137 141 148 145 171 172 202 196 178 172 189 240 232 215 209 207 207 181 207 227 226 211 223 219 227 257 222 220
76 84 83 88 91 75 86 86 84 86 86 86 88 76 43 94 87 89 96 101 107 99 94 101 93 114 116 118 126 130 134 143 141 143 151 164 170 180 224 220 199 194 191 201 195 176 174 182 192 194 209 216 222 204 196 197 200 208 195 178 179 191 186 173 159 133 125 138 156 144 157 180 173 169 169 174 178 203 226 220 204 197 196 194 214 248 227 224 226 225 221 238 239 279
72 80 83 71 62 62 85 83 84 87 90 91 88 89 96 98 98 89 96 102 98 101 102 91 102 131 152 163 148 142 168 179 166 150 151 155 166 180 195 212 201 186 186 193 198 184 176 184 202 212 227 235 230 207 200 197 198 210 197 184 175 169 170 164 151 140 122 134 165 157 142 139 152 159 190 203 203 211 228 222 213 201 190 192 215 255 248 243 256 229 231 249 237 269
82 86 86 87 90 64 84 74 84 70 78 92 92 95 98 102 101 98 87 101 100 99 96 97 109 110 127 156 138 140 166 175 179 172 190 178 173 180 194 210 201 194 186 186 199 189 175 183 136 202 206 225 203 204 209 184 189 214 196 187 183 164 155 156 155 116 109 144 179 183 148 146 152 161 166 172 189 209 221 229 212 211 212 205 208 212 288 323 297 261 233 240 294 345
86 83 84 85 90 50 77 71 87 72 79 83 85 89 94 95 102 96 94 97 101 100 97 106 112 108 115 115 129 151 156 188 172 185 180 187 185 187 216 200 199 193 193 183 191 178 175 190 193 208 206 212 207 185 182 199 184 174 167 163 163 139 150 154 167 130 142 150 165 195 178 163 177 164 165 164 169 192 203 214 216 230 229 209 218 213 226 238 324 277 240 240 249 269
82 85 86 83 15 -13 80 85 89 83 93 98 92 98 98 95 100 97 98 98 97 100 104 143 137 134 124 115 115 132 150 180 158 179 166 174 179 186 203 193 191 190 199 182 182 176 189 194 208 204 217 200 182 177 177 177 175 176 171 170 163 158 158 165 157 127 142 147 159 174 196 204 192 194 177 178 162 173 178 189 196 215 237 240 239 246 247 244 250 354 290 285 249 263
65 83 83 88 56 51 89 86 97 89 100 108 99 97 108 96 102 101 88 99 99 102 116 171 167 163 147 129 119 121 124 135 142 174 157 162 189 208 206 209 192 187 185 179 184 190 200 232 225 210 188 181 184 176 183 187 189 194 195 199 190 183 166 169 147 123 144 160 177 178 202 212 196 211 196 177 192 178 178 184 206 249 259 276 257 257 291 319 267 322 410 323 257 261
84 88 87 85 44 88 88 92 93 84 99 103 93 87 100 88 96 97 80 93 107 106 114 121 152 144 145 165 145 131 121 127 131 157 157 180 203 184 181 193 201 196 188 188 183 202 234 240 216 194 189 184 198 216 220 210 226 229 195 194 190 184 149 145 130 138 161 163 182 206 205 234 214 221 210 204 202 189 185 195 198 260 287 301 275 280 359 401 273 279 425 420 323 272
74 85 88 88 56 90 89 84 92 98 103 103 101 89 94 91 92 92 109 104 106 122 134 117 122 131 144 177 157 145 137 130 126 145 164 193 187 170 170 174 181 185 206 194 194 200 248 219 209 199 189 197 231 261 259 254 211 190 184 177 176 162 143 142 150 159 162 193 228 278 283 299 267 285 251 228 221 199 188 208 222 283 342 341 310 351 379 429 354 294 330 440 436 394
83 77 84 88 48 92 89 95 98 104 103 103 93 95 101 96 99 103 109 103 119 181 179 157 128 128 146 164 182 158 159 151 134 148 189 187 169 163 170 191 183 191 215 200 214 217 250 227 210 200 202 224 233 236 231 219 224 195 191 178 170 132 129 155 115 161 162 184 184 186 245 238 258 287 243 248 294 223 226 238 248 304 374 396 361 403 466 455 403 325 322 426 439 449
80 85 90 91 96 85 88 89 99 100 105 104 99 93 97 100 102 105 106 108 188 203 182 161 134 122 140 166 208 188 191 168 145 146 150 175 158 164 180 196 194 191 204 224 226 278 252 218 206 209 233 254 218 207 198 214 200 202 198 185 193 168 146 143 158 191 182 184 181 187 248 238 253 249 239 242 285 302 252 284 320 331 428 449 425 456 469 451 460 413 357 392 437 453
86 86 88 99 94 87 83 91 106 112 112 101 103 100 98 103 104 100 109 131 169 190 192 170 144 127 153 180 183 180 189 188 168 160 150 158 159 177 180 186 201 214 210 256 296 277 243 218 215 225 255 213 197 196 188 179 176 186 192 199 199 186 164 147 133 186 211 198 212 253 234 224 241 239 226 236 257 287 306 320 409 408 411 418 477 458 442 444 456 457 434 395 396 435
93 96 44 84 91 81 83 84 96 104 110 101 100 102 104 98 86 101 108 131 146 162 178 184 148 134 135 172 166 176 191 187 173 180 167 159 164 166 175 185 192 210 298 267 259 242 226 230 244 265 225 203 186 186 186 182 168 177 186 194 149 149 154 153 165 180 211 234 251 226 221 225 230 227 222 253 272 309 355 378 429 389 379 425 431 474 458 442 433 461 441 438 439 439
91 96 89 89 86 87 87 96 101 108 107 95 99 101 114 106 104 104 172 192 174 166 176 187 162 139 126 152 166 188 197 198 189 196 172 172 168 174 178 201 197 222 246 246 233 227 217 221 209 194 189 190 185 175 176 170 161 170 180 166 154 164 143 154 155 188 197 243 238 225 217 220 221 227 254 323 285 287 313 370 439 390 356 374 420 464 472 462 437 433 443 462 449 456
67 96 90 90 91 91 88 89 105 108 112 99 95 101 101 106 107 110 161 172 188 182 200 180 159 150 144 159 180 218 199 211 225 220 194 190 180 185 187 240 217 251 255 241 224 215 205 203 196 194 191 185 184 182 186 180 175 173 172 181 156 150 143 157 138 204 193 210 219 216 203 213 220 246 268 308 258 287 339 350 391 431 344 343 370 414 407 443 461 449 415 419 413 407
88 87 93 95 94 97 104 100 107 108 110 103 102 108 105 106 109 121 126 132 165 202 203 186 169 167 147 149 174 181 195 199 212 200 211 201 190 203 208 227 268 265 284 249 232 235 219 230 232 217 226 204 209 206 203 192 193 193 200 205 218 169 158 152 152 221 203 199 203 209 211 212 220 241 268 232 250 278 297 336 398 397 381 328 353 439 383 373 402 458 458 455 451 432
44 93 93 95 101 89 96 105 113 115 108 99 104 99 107 108 109 151 159 135 161 175 212 193 169 186 155 146 164 164 175 189 198 195 205 203 211 230 258 258 298 328 334 299 277 261 250 272 272 287 269 258 232 231 226 250 215 211 202 171 164 162 146 163 160 205 231 244 243 232 236 222 214 237 225 218 235 253 287 347 442 419 345 312 337 380 400 346 381 463 470 488 468 478
37 93 89 104 92 101 106 106 108 107 105 100 101 96 106 109 116 188 179 156 161 179 202 209 198 174 166 155 154 159 168 146 190 190 188 198 201 212 246 292 284 303 335 314 303 314 368 320 331 311 381 320 285 274 286 250 220 211 205 174 173 162 125 198 194 212 254 256 262 270 251 244 246 228 219 214 235 250 277 319 392 422 408 301 282 318 367 317 391 409 420 468 449 451
82 90 97 99 93 98 102 104 104 105 106 102 101 99 106 113 170 158 175 172 160 169 187 189 203 182 182 185 172 164 164 151 181 185 191 198 219 227 280 290 273 285 294 279 300 281 280 272 267 257 267 267 283 361 298 253 242 227 226 207 181 192 155 198 248 260 288 276 273 241 220 225 237 227 214 217 237 295 290 319 392 382 344 326 272 275 386 292 334 348 388 435 430 404
95 95 97 102 109 110 111 105 103 109 108 102 105 101 113 132 132 149 161 172 188 171 178 181 195 204 212 186 181 167 168 215 208 195 188 231 317 293 282 274 269 258 279 278 274 290 275 265 259 254 243 232 266 327 283 280 262 230 216 214 206 184 153 198 263 278 283 288 254 235 214 210 211 208 213 248 237 304 345 367 405 419 402 326 285 264 259 255 278 334 315 390 416 383
96 98 95 103 100 104 107 109 104 109 107 106 109 113 119 122 123 125 150 165 195 179 184 184 191 204 212 192 199 184 191 196 242 202 199 267 251 253 272 265 257 249 243 254 253 242 257 280 270 308 276 219 225 258 270 260 260 233 220 241 181 161 166 164 172 173 171 231 262 248 209 207 207 205 217 236 322 292 314 328 295 312 338 281 318 271 243 242 249 246 274 335 371 339
99 97 101 102 105 105 108 103 111 110 108 110 111 129 167 155 128 124 151 192 212 217 198 218 238 233 226 211 222 217 228 204 211 217 223 228 236 248 282 273 274 253 245 242 232 234 234 226 229 256 288 217 195 195 217 232 256 253 244 238 181 164 169 167 168 166 167 220 228 247 216 204 193 215 269 310 288 277 279 284 276 279 307 257 261 239 237 254 252 240 257 260 299 291
105 94 100 106 98 100 99 96 108 107 105 112 114 171 195 179 161 133 138 229 205 197 187 223 235 245 258 230 256 248 251 256 220 227 247 243 253 273 275 262 251 271 282 252 231 232 230 224 219 214 215 213 187 185 184 210 229 241 254 248 220 165 162 171 169 170 169 185 212 207 216 209 191 230 270 272 290 270 264 273 269 270 282 263 238 238 283 404 394 302 266 260 263 275
