shetran-prepare/prepare/dem_min_4_sub.asc
ncols        147
nrows        190
xllcorner    3448500.331265599933
yllcorner    5321100.167325999588
cellsize     1000.000000000000
NODATA_value  -9999
[rows 84 to 125 of 190, columns 0 to 93 of 147]
98 106 103 108 104 100 100 104 108 104 105 112 161 198 202 179 161 149 139 217 190 165 178 192 223 220 245 292 277 269 277 259 258 266 266 262 247 270 260 247 244 239 242 266 266 277 259 269 222 213 208 203 212 204 186 200 235 226 226 203 198 159 159 269 276 190 169 182 190 200 205 201 196 228 248 264 306 287 262 265 263 264 268 257 233 253 301 370 448 388 448 290 280 273
105 100 101 103 96 99 80 101 107 108 109 143 207 207 220 205 178 161 143 185 184 162 164 183 196 198 206 223 273 295 295 288 254 242 237 234 225 237 237 243 244 237 230 232 231 247 250 241 235 219 209 203 212 218 192 187 199 194 204 220 179 163 163 226 201 152 169 174 179 186 177 187 202 238 242 262 286 285 259 268 261 264 263 265 237 241 274 346 315 346 453 360 346 353
105 104 112 110 101 107 88 92 106 114 147 217 217 223 212 197 186 157 140 141 152 159 164 168 178 186 207 224 258 306 310 278 254 246 242 240 226 228 224 232 237 242 247 224 221 218 228 228 212 230 216 208 203 201 209 199 201 181 190 186 176 174 210 208 170 153 174 178 183 191 173 187 189 210 252 262 281 281 237 261 261 254 259 274 248 243 261 263 246 292 373 404 461 451
92 107 115 108 113 107 110 107 116 139 254 252 224 242 225 211 202 186 190 142 153 166 209 173 200 187 213 224 284 323 313 297 289 292 262 256 248 229 217 222 232 242 250 214 217 217 217 216 202 228 232 224 228 230 229 232 238 181 179 176 170 197 211 209 170 155 186 181 171 183 216 224 191 187 187 226 284 289 262 266 238 236 229 239 242 250 263 254 246 297 431 447 461 431
92 111 113 110 104 108 110 123 134 158 206 240 242 258 242 214 201 194 183 149 150 178 214 192 201 211 220 257 321 318 314 313 290 270 260 259 229 218 215 212 257 226 212 198 195 198 196 201 231 246 252 253 229 229 184 176 178 170 182 179 172 221 227 226 176 174 179 185 196 181 205 218 240 210 196 199 259 262 238 214 221 217 229 245 241 247 276 259 270 286 327 415 462 455
112 115 113 107 105 102 109 130 137 145 159 182 235 250 230 214 214 233 186 157 157 182 199 207 206 236 238 300 318 311 303 317 318 276 255 241 221 224 239 210 208 210 202 192 180 189 197 194 200 220 231 229 210 184 178 186 163 171 217 215 216 215 232 211 210 189 203 193 190 192 230 246 239 242 270 201 199 206 205 205 222 237 282 283 266 247 243 259 266 274 290 321 451 456
115 114 113 112 107 100 102 164 246 264 158 165 204 256 232 223 233 210 171 165 175 193 222 261 229 240 251 306 315 311 302 317 295 256 227 222 222 303 240 240 214 213 202 209 198 200 237 193 197 188 190 182 182 181 220 198 176 181 233 231 236 238 235 220 221 247 183 181 182 215 227 225 246 256 274 275 263 214 230 253 265 264 265 276 277 269 242 257 243 272 282 320 423 429
103 87 106 99 108 92 136 239 319 288 193 170 237 261 243 243 226 212 164 164 195 204 230 299 291 314 261 275 296 317 324 283 232 232 231 227 275 346 338 331 324 308 281 272 242 238 232 191 185 191 192 212 212 249 250 206 209 197 257 245 244 238 229 223 226 237 182 191 200 192 199 246 255 249 251 281 268 231 262 275 255 279 271 277 277 271 262 263 259 299 324 439 437 428
104 96 104 102 106 126 179 284 327 284 182 160 282 286 259 248 239 217 177 175 192 238 272 305 355 330 310 290 294 308 302 242 239 241 279 248 287 307 322 331 321 312 282 281 246 261 273 221 222 218 251 272 289 278 265 216 217 237 240 242 249 254 234 237 256 245 194 188 189 188 174 230 206 234 247 248 280 241 252 282 282 284 289 293 290 282 273 268 296 370 353 304 409 369
107 105 100 103 111 162 309 321 293 288 191 204 314 269 300 268 286 209 184 184 189 217 236 269 324 302 291 265 261 262 232 241 250 321 326 283 288 313 329 356 337 333 326 310 266 265 289 278 250 234 294 307 298 240 240 231 228 262 254 251 266 276 270 269 266 255 270 255 242 184 179 209 208 223 243 248 265 256 251 259 275 277 296 335 311 294 338 377 314 298 290 271 285 308
102 108 109 113 169 267 368 358 258 226 195 233 295 300 307 286 234 206 204 212 210 239 242 265 307 280 265 260 249 246 248 301 335 325 357 306 319 349 365 360 349 348 320 286 273 319 330 289 246 261 314 317 296 289 279 230 248 302 276 275 274 282 283 294 288 287 282 276 264 215 193 195 232 227 235 241 263 266 270 259 268 270 285 309 376 315 339 372 289 276 269 270 343 377
108 110 119 151 209 333 366 306 263 269 217 210 276 317 318 257 234 207 241 228 228 260 271 297 304 269 269 260 245 254 319 359 371 373 368 327 347 347 399 390 403 405 358 286 337 336 313 292 247 274 335 351 321 309 283 259 244 265 280 289 287 286 284 290 280 275 272 261 238 232 208 184 245 254 232 240 246 246 251 259 264 269 280 295 310 276 295 293 276 266 266 309 363 430
108 116 148 185 266 421 358 317 294 331 232 243 314 322 314 256 256 251 264 252 251 277 318 347 294 272 324 265 268 265 274 370 398 420 409 361 367 383 398 389 384 325 313 307 311 312 303 277 266 283 336 316 315 301 280 256 250 267 305 306 307 311 299 298 281 264 258 264 238 207 195 198 201 200 258 241 258 246 252 265 270 268 269 280 310 284 303 302 271 259 261 308 324 399
115 177 170 242 399 415 369 323 388 273 246 268 345 348 315 294 287 301 305 290 304 308 370 311 292 301 321 268 344 376 273 270 302 430 433 388 390 419 407 362 348 341 401 404 403 400 356 327 281 328 335 322 316 316 270 257 272 265 289 308 314 304 294 286 280 267 242 233 220 204 211 227 201 208 217 268 275 283 299 272 273 301 281 279 299 279 287 338 273 261 229 278 285 350
156 203 206 245 371 426 384 383 386 261 264 271 321 357 335 346 329 350 361 358 331 316 303 303 302 383 321 276 283 398 387 330 304 398 456 466 435 418 385 370 351 384 403 438 388 352 344 314 300 367 338 321 296 288 263 271 303 292 291 281 300 296 284 280 264 266 238 226 209 199 237 248 265 213 214 269 296 297 322 292 286 361 367 285 272 306 306 372 331 268 229 261 294 349
158 249 282 274 309 396 409 474 418 274 287 308 303 348 357 382 372 391 419 434 329 318 340 349 483 460 387 284 295 340 440 316 304 438 436 466 439 433 411 379 430 418 418 422 384 350 333 321 312 369 335 318 320 315 275 264 308 304 289 299 305 285 287 269 251 233 219 204 204 211 243 257 266 222 217 265 275 273 274 332 323 347 425 299 257 311 356 279 300 264 252 265 297 329
148 181 201 269 310 422 435 468 458 305 303 398 340 397 421 406 424 456 472 393 336 334 437 393 466 542 467 288 288 283 376 473 322 328 331 333 427 421 431 432 454 437 437 420 387 391 376 347 359 383 344 328 331 303 289 281 286 291 297 297 278 275 260 256 244 237 188 204 225 270 265 267 262 229 212 216 248 263 253 295 278 351 431 318 307 354 351 273 261 273 253 252 277 278
133 161 194 197 219 277 323 496 433 378 306 444 373 390 439 504 500 503 535 351 344 526 479 466 556 553 551 559 349 287 286 517 439 435 442 328 393 410 411 417 422 426 433 432 404 429 424 420 410 392 368 362 335 320 293 284 284 285 287 292 281 279 277 256 254 252 199 208 235 277 268 265 267 246 213 210 210 219 238 230 239 253 276 336 336 340 330 299 259 250 254 247 263 256
111 140 176 189 211 246 340 509 392 346 328 448 531 463 446 502 537 609 394 365 346 499 604 597 582 624 630 564 365 321 284 376 493 484 428 327 332 406 407 421 402 411 415 443 441 450 428 413 396 388 383 330 320 315 301 309 292 290 290 297 301 287 273 259 256 260 213 192 215 262 273 266 256 250 230 215 211 215 220 219 216 225 223 231 260 241 249 255 241 241 242 239 241 243
125 129 152 178 213 275 381 479 442 350 338 376 443 552 621 635 611 573 387 388 356 388 534 670 629 554 510 469 416 459 284 346 357 484 435 390 348 350 352 382 393 396 413 445 446 434 418 419 402 385 348 337 342 327 314 306 290 293 305 308 313 280 274 269 259 234 212 210 229 252 277 274 265 267 250 236 230 222 222 222 218 233 229 224 214 201 231 230 234 239 238 229 239 230
137 125 137 170 234 308 543 429 391 355 357 447 486 638 659 614 605 482 402 401 364 392 458 552 629 547 537 551 516 517 304 304 360 465 466 443 403 366 347 358 386 407 434 423 428 431 386 370 391 375 349 352 353 360 327 322 313 323 330 338 346 303 284 326 254 218 211 209 211 230 271 294 300 289 267 254 218 235 259 231 234 279 261 243 229 229 229 233 235 245 265 279 256 227
185 144 139 148 191 288 387 439 383 374 374 460 697 647 570 502 471 445 445 374 368 592 611 571 621 565 607 579 589 550 304 301 447 454 475 449 433 410 363 363 369 430 433 413 414 423 386 370 365 341 336 354 358 381 368 353 375 384 392 358 314 299 287 256 226 224 214 202 202 211 252 285 378 305 287 261 248 251 278 282 239 249 326 349 283 275 250 253 266 274 289 327 315 246
177 166 144 155 189 216 303 399 417 422 422 461 619 591 503 479 478 475 529 379 382 429 603 618 628 630 640 591 512 420 362 289 412 478 493 497 462 429 390 368 369 398 404 389 408 399 393 373 408 391 361 359 344 354 389 410 450 465 426 344 319 310 271 245 232 247 240 212 209 212 220 283 300 374 350 262 263 278 282 351 288 254 326 350 370 350 297 328 349 434 383 386 453 397
196 162 154 159 210 255 322 386 515 506 526 522 640 527 521 609 625 547 401 390 384 426 477 555 596 655 662 621 580 486 345 309 405 498 492 496 464 428 391 367 365 379 387 384 386 378 388 376 399 411 403 392 367 346 365 399 454 426 438 372 343 307 275 255 243 274 285 269 219 211 215 245 292 334 328 281 288 352 339 344 293 264 280 311 377 407 358 386 435 374 374 402 435 393
212 175 133 195 225 255 399 549 645 572 653 722 597 550 577 701 516 454 408 526 407 422 503 551 641 648 655 613 525 452 359 308 494 513 514 498 511 488 440 401 376 378 379 383 401 380 384 383 375 391 402 420 416 375 370 382 399 404 412 399 365 296 263 256 279 327 325 302 249 214 212 218 333 313 304 382 324 350 403 382 391 287 291 354 408 374 384 428 381 355 353 371 404 373
259 256 145 165 253 356 560 713 657 674 706 638 581 572 722 651 508 430 406 500 437 448 466 548 645 659 616 588 563 565 458 314 436 523 515 526 479 453 440 437 392 388 377 412 455 420 407 369 410 396 436 458 438 436 447 397 391 397 405 399 339 289 283 301 370 383 317 276 249 232 211 216 316 261 278 281 403 363 386 400 356 339 357 404 350 346 401 411 369 345 321 357 401 428
354 262 176 162 241 460 514 585 737 851 781 776 627 608 740 660 641 444 442 470 450 513 498 659 659 651 629 602 479 413 454 306 408 525 531 502 476 452 433 408 397 376 380 420 471 453 416 400 408 398 409 418 424 446 447 439 420 397 407 360 317 305 374 421 404 402 397 342 351 309 222 222 227 229 231 253 304 374 416 435 404 368 414 398 350 322 388 354 366 413 313 302 342 384
321 288 176 177 249 308 379 469 596 869 738 699 658 726 785 629 505 447 551 471 471 673 534 575 669 625 602 564 461 400 357 315 378 511 512 500 510 503 478 468 456 383 372 429 463 454 440 435 420 414 418 419 447 468 468 444 434 438 428 368 353 379 399 405 374 363 356 396 395 371 227 213 219 224 224 234 261 294 288 292 352 375 358 346 372 298 382 321 375 359 358 283 280 340
387 366 266 189 202 304 375 480 611 835 744 746 753 763 647 596 500 465 506 487 535 687 624 585 659 646 636 609 589 540 425 318 388 451 484 486 499 514 476 451 427 416 379 388 436 448 461 452 443 428 423 447 435 451 476 471 474 435 423 415 405 396 398 396 377 363 338 334 371 365 353 278 283 303 231 227 231 231 229 231 264 270 338 304 310 282 371 304 326 310 269 246 246 278
465 498 464 252 208 333 442 619 632 871 802 888 846 730 631 562 500 470 503 518 564 628 685 638 655 660 618 579 557 543 463 325 327 414 475 487 500 508 506 516 475 414 409 389 390 449 433 430 437 404 426 434 443 468 472 457 477 468 430 411 394 389 379 358 353 370 356 320 307 303 301 336 329 328 302 225 226 232 229 234 236 215 244 306 264 262 268 256 259 263 257 246 252 265
599 412 373 242 222 371 646 702 896 822 790 779 808 698 643 589 499 474 513 537 648 702 694 685 673 631 567 563 544 530 503 340 335 403 471 512 518 512 492 478 498 477 422 390 375 401 433 428 422 426 426 426 427 430 438 450 480 458 425 423 406 390 388 378 348 337 337 318 300 299 292 275 276 314 320 308 256 238 266 244 250 216 203 251 246 251 256 260 265 266 279 293 268 261
559 389 292 254 288 374 590 860 968 882 722 680 642 595 549 515 503 538 515 541 668 715 696 664 624 557 567 462 559 505 390 333 339 426 465 477 501 494 475 455 448 487 457 396 396 399 388 388 424 418 421 421 426 432 441 450 460 417 401 393 414 407 383 377 351 341 341 350 332 330 312 284 271 267 271 256 254 291 296 302 264 238 236 243 247 265 269 287 316 311 333 333 298 282
552 477 363 271 278 407 628 842 926 879 764 674 641 553 541 542 531 642 533 541 587 677 646 582 565 521 408 402 371 373 384 328 464 445 453 527 503 483 475 479 443 444 462 395 402 436 416 408 409 388 417 419 435 456 463 468 450 438 417 388 381 417 396 399 382 374 362 343 337 316 312 308 302 276 262 256 296 287 249 240 237 242 259 305 290 270 271 305 318 334 331 326 294 287
803 572 391 284 287 425 648 694 847 807 776 746 565 565 655 592 587 690 553 566 604 686 642 595 509 490 408 408 477 353 341 336 492 493 489 549 513 504 480 451 439 427 429 405 400 431 413 398 420 405 421 428 436 447 477 470 436 410 436 407 380 432 399 375 372 354 360 345 338 318 304 304 287 285 280 301 280 255 250 254 269 274 264 281 331 290 276 301 323 335 336 324 306 297
682 606 440 291 316 386 462 555 763 732 677 612 567 601 701 653 704 634 565 631 682 665 651 595 601 452 433 582 474 418 340 336 350 502 535 542 515 499 484 461 461 428 424 424 413 469 440 431 418 434 432 437 438 453 469 447 411 401 384 434 366 365 414 377 375 368 354 341 343 321 315 321 334 351 325 295 267 250 250 253 248 261 283 275 293 311 316 308 283 329 322 335 326 323
657 647 527 335 338 481 484 573 800 674 660 591 591 636 786 751 627 595 594 678 671 629 626 581 595 446 481 565 562 539 336 338 488 502 478 534 521 517 502 542 503 446 446 502 423 423 427 418 429 445 456 456 446 423 429 420 413 396 371 387 415 359 347 416 382 377 356 366 372 360 374 369 356 351 317 289 269 243 247 261 262 265 266 276 303 309 330 323 300 334 324 336 337 317
708 608 562 362 350 475 705 871 815 713 624 612 730 764 787 672 638 639 690 680 617 593 557 521 493 476 551 529 498 417 351 352 503 462 440 485 534 531 533 520 515 486 456 481 456 430 406 410 423 426 441 468 436 410 392 379 364 362 355 400 403 415 337 342 431 385 371 371 394 392 376 357 357 360 344 302 270 244 242 299 301 276 274 277 292 299 322 353 353 336 329 337 318 330
694 557 479 379 502 537 798 859 830 739 707 624 820 803 742 702 731 707 716 659 647 590 581 597 582 592 554 533 532 524 392 347 363 411 423 457 497 558 534 518 518 492 472 464 446 427 427 429 446 427 426 458 421 405 394 375 367 365 347 341 367 370 328 327 385 400 349 349 376 354 354 358 351 296 296 261 263 253 259 277 266 298 288 292 297 302 309 308 313 318 317 318 320 352
548 513 434 407 481 619 861 779 721 684 674 673 815 722 719 741 716 673 634 570 622 647 628 616 585 579 571 554 531 522 489 436 360 388 439 529 565 544 532 501 497 487 438 452 441 431 429 439 449 428 458 447 421 408 401 403 415 415 379 340 340 334 323 326 317 315 351 333 352 341 317 293 295 284 278 260 256 258 291 288 260 298 325 315 311 309 318 312 306 322 318 333 356 397
573 575 583 430 481 620 840 777 774 706 702 828 732 685 694 695 640 625 552 562 506 631 582 590 572 553 537 526 500 500 485 429 368 439 422 521 556 539 518 494 486 465 432 442 438 432 436 457 459 451 460 450 460 462 424 422 419 395 386 360 363 383 343 364 323 309 310 311 310 304 294 289 305 329 282 264 265 257 278 327 314 318 318 324 316 321 318 322 333 333 334 341 356 429
769 711 588 434 441 646 661 848 770 783 756 796 768 651 632 626 676 659 529 508 487 476 561 568 547 545 536 509 501 452 480 380 365 444 439 461 507 537 508 497 480 459 442 438 439 447 468 498 475 474 476 479 471 457 438 420 419 426 409 437 423 434 447 459 414 334 310 307 306 309 280 266 248 266 279 275 268 247 265 303 320 362 344 327 314 314 333 348 338 327 346 368 392 436
766 634 542 477 445 525 536 721 823 814 818 765 743 697 636 579 559 656 634 528 540 467 460 507 506 507 508 497 476 423 420 366 435 564 468 457 525 526 498 475 450 421 426 470 467 483 512 484 488 504 498 495 478 472 472 435 402 394 387 375 420 425 349 342 332 332 345 382 378 288 268 262 258 273 302 290 277 281 284 282 342 380 394 358 332 345 348 342 358 337 361 329 386 427
