shetran-prepare/prepare/dem_min_4_sub.asc
ncols        147
nrows        190
xllcorner    3448500.331265599933
yllcorner    5321100.167325999588
cellsize     1000.000000000000
NODATA_value  -9999
[rows 0 to 41 of 190, columns 0 to 93 of 147]
110.0 83 69 54 49 67 64 59 62 67 69 27 65 61 70 62 63 83 49 67 68 73 62 84 141 252 227 276 363 303 300 307 303 340 416 368 370 275 231 211 194 170 180 201 282 356 288 260 246 248 141 166 236 206 216 270 344 423 380 357 251 211 208 136 114 113 116 129 146 228 116 125 138 179 227 340 344 345 332 324 201 235 288 293 312 295 270 226 127 133 178 248 266 275
87 58 68 59 60 58 54 66 71 70 70 27 64 72 65 58 60 70 53 72 66 51 74 74 206 243 223 303 207 207 273 278 320 399 471 478 377 295 224 208 198 182 198 246 276 327 267 249 222 209 164 169 236 240 262 268 319 418 383 279 260 241 254 240 125 114 108 111 135 174 105 133 210 315 272 224 239 286 323 313 252 252 294 291 320 295 286 272 137 131 137 206 250 271
83 49 71 61 64 75 71 67 71 73 68 69 67 75 71 65 73 76 58 69 78 51 51 72 144 187 194 233 187 194 234 308 334 396 437 435 321 316 207 195 196 181 201 300 300 307 264 254 267 238 171 197 211 218 283 298 331 424 394 255 287 294 258 187 165 126 120 111 118 111 111 140 193 146 145 187 259 339 320 310 306 317 303 311 332 315 281 255 157 137 131 183 234 269
84 85 69 62 69 69 71 68 71 64 69 67 70 66 68 70 79 80 74 78 79 54 71 78 120 158 197 172 170 193 245 379 371 359 421 393 301 233 207 202 192 193 234 363 410 314 284 259 259 294 175 188 300 247 292 309 402 424 321 245 233 310 253 200 165 150 127 113 110 113 115 128 136 137 142 160 312 328 324 301 291 304 309 297 324 310 280 194 187 232 134 133 135 151
61 85 60 68 76 72 64 65 66 64 67 72 72 72 71 76 76 76 72 72 76 75 64 76 108 142 143 157 226 256 328 420 321 275 280 369 251 222 218 236 227 200 254 334 375 360 293 292 252 231 176 182 259 285 287 331 344 409 306 268 212 207 358 280 325 344 134 111 118 115 145 178 242 177 153 149 151 328 317 282 291 275 308 357 334 323 270 238 263 263 136 149 138 127
57 70 59 70 2 67 61 57 65 63 63 75 74 72 69 64 72 83 66 79 76 72 70 81 107 115 156 168 177 209 341 439 325 238 235 306 249 226 226 283 232 216 251 324 392 344 365 329 293 219 192 188 216 267 339 349 413 399 392 407 212 202 194 259 385 299 133 120 257 270 285 252 368 240 281 155 145 163 297 257 253 249 336 359 353 322 300 299 287 227 209 268 225 142
72 38 62 71 -3 58 62 63 62 69 57 72 73 73 68 66 67 70 68 75 75 67 60 75 103 118 125 167 183 301 421 378 352 224 213 221 223 234 272 275 241 234 256 299 362 330 344 292 268 227 180 180 216 267 358 400 483 417 353 306 301 241 178 167 164 184 119 116 329 377 419 403 424 306 318 311 145 140 176 178 197 261 332 357 362 331 333 321 265 256 293 297 296 272
79 79 73 59 55 49 53 64 65 68 69 72 73 74 68 63 58 59 73 70 73 73 80 78 84 122 129 230 282 347 317 286 246 204 195 209 208 223 253 275 263 279 313 341 362 319 343 323 301 244 196 195 228 281 361 391 421 461 390 277 253 228 199 167 150 144 132 138 315 263 306 387 450 335 327 333 306 174 174 174 177 245 344 379 368 349 333 309 289 308 328 300 276 253
101 87 84 63 61 53 47 70 72 69 71 66 63 73 68 65 75 74 61 78 70 71 78 73 74 111 169 281 283 307 255 241 214 208 183 198 199 220 260 290 304 302 358 364 344 309 306 317 289 262 201 213 228 299 297 353 441 461 353 416 268 271 236 222 322 147 130 170 189 227 307 385 417 357 357 300 278 183 212 267 177 192 185 252 319 360 333 335 321 322 331 310 299 275
111 97 95 71 70 57 12 65 71 73 67 64 73 64 70 67 70 74 59 79 78 73 63 52 81 98 165 198 215 226 239 193 186 182 179 188 198 247 309 319 376 350 324 331 344 313 293 338 304 247 205 227 239 257 297 386 482 425 300 310 455 324 293 307 235 144 143 150 305 377 392 399 425 366 330 301 224 209 229 369 361 239 197 286 314 333 346 351 357 356 366 326 311 313
86 88 92 85 72 67 40 70 70 75 74 64 74 64 78 81 76 77 64 69 80 73 74 82 85 100 131 157 180 212 220 193 185 174 169 189 215 285 362 352 412 375 323 312 315 303 283 329 298 252 207 224 279 283 340 418 480 386 292 273 325 341 291 226 193 168 147 150 141 163 171 288 423 353 329 273 262 308 261 321 376 312 212 257 365 353 350 368 371 356 322 274 262 295
50 70 82 87 85 75 64 72 74 72 73 74 71 60 77 80 84 82 76 82 74 54 48 78 82 91 165 205 209 216 240 226 192 154 169 188 236 409 420 405 380 383 361 312 293 305 274 344 341 293 214 218 324 356 383 458 506 421 314 268 249 283 334 218 209 216 149 177 152 166 178 196 392 331 328 303 296 362 353 322 368 375 214 219 354 322 335 335 324 333 304 285 246 232
92 70 82 72 79 61 65 66 70 74 75 73 71 62 83 83 83 77 87 78 74 62 66 72 80 75 152 262 272 286 243 205 172 168 173 201 284 435 407 382 362 375 394 327 291 279 266 264 333 296 221 244 285 363 468 400 412 503 468 328 251 235 247 232 208 151 155 315 165 182 225 196 203 225 328 352 359 362 377 363 367 393 314 230 330 286 308 294 304 329 320 258 264 224
88 86 71 68 72 66 70 66 70 76 79 72 72 76 83 89 80 86 88 76 74 71 75 62 78 75 99 189 236 255 207 198 167 155 185 199 274 431 377 363 353 373 432 351 294 287 271 260 256 322 225 244 370 427 482 381 393 490 486 348 268 216 195 186 175 169 183 316 175 192 431 230 208 233 247 302 403 383 387 413 398 379 317 238 249 257 270 280 289 327 291 257 226 219
74 68 43 75 64 63 74 76 69 75 74 71 76 77 77 85 87 74 76 76 50 79 76 76 79 80 90 189 259 218 170 164 158 158 180 209 301 434 390 373 339 373 428 390 307 326 325 297 258 253 237 319 361 460 440 371 384 475 377 335 311 209 193 193 246 182 294 373 188 182 352 281 223 344 279 279 390 406 409 409 376 341 325 302 251 251 258 308 330 351 304 272 275 231
83 68 60 73 73 74 73 71 72 69 70 69 82 81 80 72 81 82 80 83 67 83 78 79 79 79 85 193 206 195 175 151 152 168 193 219 293 433 380 358 340 357 400 375 394 382 364 338 298 328 252 274 323 397 362 359 344 412 436 360 278 268 202 251 266 196 227 433 194 193 352 336 256 266 388 298 313 355 403 393 360 342 335 310 283 245 277 305 337 338 323 277 254 237
73 60 77 62 74 75 73 70 73 70 71 71 68 80 81 82 85 93 84 75 81 83 75 75 73 86 94 154 180 174 156 148 166 170 195 243 318 385 374 351 339 370 422 348 400 344 330 348 391 310 281 333 334 402 355 381 331 382 328 303 259 230 217 300 384 221 224 448 278 207 321 382 292 268 317 393 368 358 380 385 389 384 390 378 335 258 265 285 325 317 299 263 252 263
80 69 74 75 75 69 71 69 71 17 67 63 57 64 76 82 81 87 90 78 90 90 79 69 49 85 82 163 181 158 143 144 167 199 203 226 290 360 355 319 332 420 417 311 395 347 302 308 381 326 295 329 421 356 327 312 326 471 380 285 259 227 238 467 410 339 238 440 310 217 221 348 327 308 307 359 414 383 377 380 374 388 375 378 301 280 268 301 330 324 332 290 272 293
73 68 72 74 73 68 69 65 74 68 64 65 61 55 74 82 79 88 88 81 90 80 74 74 54 76 89 123 199 142 137 156 185 214 250 235 263 356 332 304 341 354 404 294 360 354 286 299 405 357 332 391 426 383 341 296 285 415 404 331 284 253 296 411 474 388 290 420 347 231 223 236 315 400 365 357 396 391 383 373 382 383 342 313 298 287 268 308 356 343 318 297 331 338
64 71 52 63 72 72 73 52 52 68 71 73 68 74 71 86 87 86 86 66 89 79 77 77 75 63 86 103 128 127 141 182 198 240 296 321 304 363 347 275 279 339 376 276 342 290 269 314 424 393 374 437 404 392 349 297 259 310 375 328 284 284 357 489 464 434 335 418 418 322 234 234 315 389 405 392 388 392 385 377 378 384 337 331 338 314 278 283 335 330 317 312 333 357
58 50 22 67 74 75 75 65 75 74 76 77 64 48 84 87 90 87 72 50 89 89 77 72 51 72 93 101 120 146 152 253 303 335 372 422 350 387 384 277 237 267 332 262 272 258 257 358 376 367 430 385 382 339 312 297 262 246 372 347 389 332 428 489 467 397 370 449 428 441 307 243 255 414 383 361 396 383 395 379 377 405 353 348 347 323 298 297 357 349 354 353 370 352
46 64 56 70 74 75 64 72 76 69 75 71 71 72 86 85 80 91 85 71 89 87 82 78 75 79 91 116 130 133 160 268 278 348 386 445 439 382 378 356 230 243 326 257 242 233 279 388 303 309 449 354 361 297 295 267 241 236 286 326 375 468 447 496 477 434 404 433 393 362 319 265 251 255 356 353 376 390 388 408 418 396 351 350 358 349 314 308 335 355 362 351 360 358
72 63 55 77 74 80 64 73 78 61 55 64 71 59 87 88 80 94 86 63 89 86 81 41 59 64 91 156 171 155 159 177 206 260 331 405 438 348 362 408 226 214 310 350 216 214 319 300 269 309 441 339 338 305 248 222 223 232 286 365 494 503 501 500 467 440 426 435 404 427 352 288 272 273 333 340 352 391 398 386 368 343 314 314 328 345 338 311 322 350 346 349 363 349
75 69 68 73 81 71 73 78 74 64 67 62 46 63 86 77 75 78 77 63 87 83 82 84 59 85 79 144 211 241 205 187 201 226 264 366 419 328 367 323 218 216 318 291 205 211 314 334 251 297 392 321 307 312 230 204 224 287 330 352 412 520 499 498 475 445 442 437 418 430 353 331 321 298 315 321 352 368 368 345 366 330 305 306 320 339 349 329 326 330 343 363 338 326
74 64 75 78 76 63 72 76 79 73 68 74 65 77 86 82 77 79 84 56 -1 80 74 78 74 71 90 138 218 234 280 218 233 263 313 355 367 300 363 297 206 215 300 260 189 283 358 290 229 303 361 284 299 243 182 205 313 333 392 357 470 525 492 474 450 437 427 448 430 434 387 334 323 334 323 327 330 346 363 336 340 340 296 302 314 323 355 351 330 322 338 338 347 308
57 35 51 73 65 73 75 75 78 82 69 75 81 79 87 84 80 80 79 46 85 79 87 72 61 58 77 133 184 212 263 269 259 276 388 344 371 275 366 230 198 265 364 183 186 326 289 224 206 312 363 258 296 229 173 230 247 288 481 464 532 501 487 460 457 451 418 421 438 426 364 345 347 338 325 331 342 377 338 316 320 335 304 285 303 325 338 330 328 310 319 337 319 281
62 18 45 66 71 71 69 76 78 80 56 67 78 79 87 78 77 81 81 50 83 73 76 85 63 64 89 143 244 220 280 311 337 342 321 299 336 264 296 192 201 379 307 176 186 343 295 215 187 302 324 244 211 191 170 205 323 287 312 460 499 490 488 482 479 479 423 397 435 411 385 365 334 315 345 349 369 351 320 313 309 316 324 295 300 311 322 320 315 304 313 332 319 284
35 29 48 60 75 81 74 76 73 77 71 71 79 79 76 74 74 88 81 76 83 85 78 85 70 76 100 134 289 271 291 264 282 381 304 268 248 263 173 187 245 307 319 163 165 275 321 214 165 288 252 182 154 160 155 192 345 319 314 347 379 447 502 495 464 479 436 391 413 410 397 352 325 309 311 330 330 329 324 308 303 307 321 289 287 302 306 309 295 297 314 346 341 324
40 46 63 53 72 71 70 63 73 76 80 67 71 85 73 77 74 80 80 82 82 83 89 88 79 88 104 128 185 205 212 224 287 357 345 253 224 274 167 165 312 263 276 156 159 275 389 311 152 167 135 136 143 161 166 202 255 308 453 416 413 484 503 466 443 451 396 362 386 397 366 351 322 300 298 313 313 309 314 312 297 304 303 308 282 292 297 291 289 299 344 333 358 309
64 13 71 42 67 68 68 62 73 72 86 70 62 82 83 75 79 77 66 70 44 84 76 84 86 87 105 129 151 171 186 223 270 343 294 241 210 258 168 163 152 259 185 138 158 350 259 219 137 127 125 195 316 380 442 314 320 314 444 528 520 484 450 443 403 436 378 342 343 369 356 347 338 297 283 295 299 287 296 315 292 285 295 295 288 280 291 294 299 325 323 329 345 345
47 32 72 77 56 69 69 73 78 80 81 81 84 85 79 83 79 51 72 73 45 75 66 72 82 84 100 110 248 289 244 245 305 336 294 248 204 202 361 203 146 146 206 128 192 340 246 142 115 120 122 173 251 353 491 462 475 466 466 521 474 481 416 377 376 399 381 324 335 369 352 330 302 290 274 272 311 290 296 296 284 281 286 294 274 278 276 296 323 318 317 330 334 331
68 63 64 77 66 71 67 57 79 72 54 74 69 81 81 73 82 73 79 83 85 88 64 80 92 60 99 106 163 257 386 341 336 311 386 345 215 189 296 359 294 136 125 121 112 122 119 117 115 125 116 121 251 313 472 474 474 451 472 481 450 405 394 349 353 371 360 300 344 340 352 329 330 282 267 256 293 285 291 285 276 277 281 268 251 260 298 311 318 316 328 330 309 326
72 69 77 74 77 71 72 64 68 75 61 71 70 74 78 74 81 76 76 86 90 87 89 85 87 72 94 103 117 258 324 338 256 241 342 263 218 183 329 298 338 204 127 109 113 98 119 131 143 216 119 97 249 350 424 466 460 371 454 453 400 381 325 332 360 354 332 279 314 333 311 306 306 277 270 260 277 271 266 293 254 280 256 246 253 277 310 308 308 310 331 314 303 328
76 78 75 79 77 79 80 76 68 66 76 71 68 61 79 25 74 76 76 79 83 86 89 94 91 87 96 93 107 183 235 312 180 216 300 251 194 171 205 248 355 390 246 93 118 118 245 153 173 376 236 95 192 410 439 430 431 327 371 344 319 348 293 323 326 329 327 266 285 309 316 295 292 285 286 262 254 247 247 277 247 245 239 244 295 294 318 302 295 312 302 290 305 301
79 82 78 75 77 80 81 77 72 75 77 64 74 65 79 32 59 74 81 62 78 73 89 92 84 82 83 103 109 157 233 215 146 137 203 241 193 155 242 306 273 234 191 99 226 308 345 204 201 357 215 122 230 250 287 381 350 287 260 275 314 340 290 280 302 298 291 245 244 292 301 292 283 301 313 296 291 263 233 246 238 239 243 325 324 335 312 315 286 290 302 282 323 302
77 84 82 80 82 80 85 81 63 76 70 80 80 76 70 67 83 76 80 62 52 51 91 93 84 82 78 102 104 105 103 105 100 107 107 191 172 141 174 209 290 121 111 111 362 401 311 221 221 354 209 124 125 120 128 277 308 208 207 258 305 305 300 275 242 303 229 234 250 264 288 276 274 304 291 293 274 273 236 217 229 234 308 323 341 345 311 284 280 282 278 278 310 302
81 83 88 76 79 77 79 79 64 74 69 78 75 79 26 66 83 85 82 69 63 70 86 86 89 93 90 96 102 104 103 218 136 131 102 102 205 141 108 109 172 104 111 222 371 379 334 328 299 356 301 130 131 147 124 160 173 175 193 301 273 259 279 273 235 273 217 240 238 264 286 267 288 305 290 272 262 278 238 214 223 269 304 329 335 310 295 268 264 292 283 269 289 269
84 87 87 82 81 82 80 78 73 81 80 81 24 75 57 74 73 83 68 78 79 78 76 91 96 92 92 95 98 160 226 418 347 386 113 93 109 125 82 103 110 102 226 252 327 345 357 354 335 333 331 325 319 257 121 124 123 162 234 305 266 228 228 215 191 189 210 229 246 284 253 262 290 305 310 290 256 260 263 207 233 252 309 314 341 298 280 260 260 301 275 254 262 268
90 90 86 80 82 86 80 81 84 83 79 81 82 80 59 72 80 67 40 88 80 83 82 86 84 87 92 97 102 205 289 431 341 306 91 108 107 109 111 137 114 194 256 302 295 295 336 327 283 286 275 260 272 182 180 133 123 118 282 272 267 203 203 198 183 182 214 251 291 285 251 271 307 301 300 278 269 221 251 205 234 299 293 298 302 298 269 249 272 282 274 249 250 306
91 88 85 79 84 87 89 88 83 85 75 58 70 81 37 64 80 76 47 74 72 85 84 85 90 92 95 97 102 139 260 416 312 243 204 117 116 143 182 170 199 214 227 229 254 295 335 303 252 242 237 241 243 179 170 145 107 117 266 245 222 214 187 166 167 186 211 280 294 283 246 264 298 301 287 264 253 204 198 205 271 287 280 285 306 298 269 239 295 282 240 240 290 276
89 88 87 85 84 89 88 81 73 44 61 79 82 84 60 75 55 76 57 86 81 86 84 90 72 85 94 89 98 135 279 374 265 223 179 104 128 188 185 169 195 171 203 212 235 283 325 267 227 210 208 213 227 228 125 127 122 134 198 229 192 176 146 168 182 240 295 284 289 273 239 284 276 301 267 254 208 188 201 241 264 260 265 278 275 278 237 239 295 261 233 238 296 244
86 87 90 92 89 94 91 85 73 47 64 73 79 81 83 81 74 92 73 75 84 91 87 89 74 85 82 85 100 141 281 317 274 198 133 110 119 146 144 151 161 164 181 237 259 283 251 219 208 197 197 205 217 227 127 129 129 130 129 221 171 153 152 226 281 277 272 273 289 263 229 261 271 310 283 198 191 194 288 267 246 260 278 285 269 230 230 265 279 261 216 302 264 232
