shetran-prepare/prepare/dem_avg_4_sub.asc
ncols        147
nrows        190
xllcorner    3448500.331265599933
yllcorner    5321100.167325999588
cellsize     1000.000000000000
NODATA_value  -9999
[rows 114 to 132 of 190, columns 86 to 128 of 147]
282.457489013671875 304.8350830078125 324.02777099609375 319.895111083984375 323.58221435546875 330.336181640625 337.18084716796875 289.70294189453125 294.5765380859375 301.268707275390625 309.74774169921875 317.94500732421875 323.311859130859375 335.191619873046875 349.442169189453125 356.324249267578125 361.86224365234375 357.565765380859375 361.008514404296875 363.2755126953125 408.801025390625 488.818023681640625 521.89569091796875 430.257843017578125 460.662139892578125 475.3934326171875 497.385498046875 498.5 570.15020751953125 635.4693603515625 612.31121826171875 667.7806396484375 705.0255126953125 710.47900390625 664.614990234375 658.1558837890625 666.74603271484375 672.7216796875 684.28741455078125 646.37982177734375 625.318603515625 603.95806884765625 608.4444580078125
330.686492919921875 341.9639892578125 344.670074462890625 348.149078369140625 368.44329833984375 371.19049072265625 359.7947998046875 338.658172607421875 345.105438232421875 344.178009033203125 318.0238037109375 349.28741455078125 347.41290283203125 321.0238037109375 319.079925537109375 326.837310791015625 333.126983642578125 337.03173828125 341.23809814453125 359.5889892578125 406.58673095703125 501.6162109375 483.22222900390625 434.742156982421875 429.7103271484375 440.9093017578125 502.607147216796875 522.76190185546875 667.5538330078125 668.87811279296875 628.07257080078125 651.2738037109375 685.91552734375 686.0799560546875 688.95294189453125 654.60546875 646.244873046875 648.12811279296875 676.64910888671875 664.554443359375 615.07257080078125 579.80950927734375 558.26531982421875
315.64739990234375 335.005218505859375 346.37188720703125 365.256805419921875 378.001129150390625 368.597503662109375 341.219390869140625 332.76416015625 358.184234619140625 358.636627197265625 342.08447265625 338.178558349609375 382.007537841796875 381.803863525390625 336.7913818359375 337.653076171875 341.233551025390625 349.54534912109375 344.236968994140625 350.72393798828125 376.81292724609375 416.635498046875 388.327667236328125 387.655059814453125 406.1610107421875 457.947265625 663.913818359375 670.0379638671875 673.93194580078125 636.195556640625 623.5731201171875 671.162109375 677.9376220703125 685.22332763671875 674.900146484375 658.45977783203125 633.7103271484375 632.2596435546875 651.31634521484375 647.03515625 626.58331298828125 628.40081787109375 555.72332763671875
321.567474365234375 337.02264404296875 358.733001708984375 369.201812744140625 364.846923828125 358.085601806640625 345.198974609375 335.06689453125 352.811798095703125 372.825958251953125 348.4268798828125 335.744903564453125 361.128326416015625 377.51416015625 347.76812744140625 359.492645263671875 360.14569091796875 374.009063720703125 371.8724365234375 367.83502197265625 358.282867431640625 362.25225830078125 382.05499267578125 415.58245849609375 467.1751708984375 451.52947998046875 561.66326904296875 672.98297119140625 663.89739990234375 638.31744384765625 614.8707275390625 658.37982177734375 662.76531982421875 659.54876708984375 650.2752685546875 635.5872802734375 627.18536376953125 618.88494873046875 605.48529052734375 616.27667236328125 635.99658203125 620.31634521484375 557.73297119140625
356.63775634765625 334.393157958984375 338.399078369140625 352.40533447265625 357.67913818359375 370.19671630859375 365.545928955078125 352.752838134765625 352.815185546875 372.404754638671875 354.081634521484375 356.49774169921875 375.406494140625 368.445587158203125 357.634368896484375 361.6241455078125 363.184234619140625 389.424041748046875 397.762481689453125 381.30670166015625 375.671783447265625 370.4444580078125 380.319732666015625 461.39141845703125 519.50567626953125 486.7261962890625 595.2528076171875 660.84014892578125 688.4075927734375 662.7965087890625 642.36737060546875 619.99432373046875 659.3865966796875 647.12640380859375 635.1510009765625 629.087890625 610.431396484375 585.8741455078125 586.33843994140625 574.56689453125 595.1610107421875 572.29022216796875 605.79364013671875
385.296478271484375 381.188720703125 369.95635986328125 377.9937744140625 374.68536376953125 370.642303466796875 372.23583984375 353.11053466796875 375.989227294921875 378.642303466796875 367.87640380859375 363.402496337890625 389.544708251953125 370.50396728515625 375.29931640625 385.404754638671875 381.75225830078125 407.221099853515625 440.827667236328125 439.061798095703125 455.8599853515625 416.465423583984375 378.88946533203125 439.20904541015625 583.2386474609375 637.052734375 657.7579345703125 645.73468017578125 696.43084716796875 691.0941162109375 616.06011962890625 634.62701416015625 648.1309814453125 647.57708740234375 647.57257080078125 646.08392333984375 629.818603515625 611.43426513671875 619.46258544921875 618.1468505859375 623.03460693359375 595.7562255859375 638.29364013671875
361.709197998046875 400.94482421875 402.45465087890625 384.499420166015625 367.450103759765625 370.904754638671875 376.813507080078125 378.05157470703125 374.512481689453125 396.462005615234375 384.688201904296875 378.76416015625 385.3902587890625 375.55157470703125 394.778900146484375 453.1065673828125 430.38037109375 421.266448974609375 462.469940185546875 537.89794921875 530.61676025390625 477.495452880859375 412.058380126953125 396.94482421875 527.71881103515625 643.596923828125 620.22845458984375 637.90985107421875 642.39398193359375 670.40081787109375 643.3599853515625 585.022705078125 627.4251708984375 649.0941162109375 661.59637451171875 643.79534912109375 638.065185546875 637.90362548828125 624.43536376953125 601.95013427734375 643.98187255859375 636.20916748046875 638.47052001953125
335.850921630859375 336.93902587890625 349.250579833984375 349.756805419921875 358.280609130859375 370.174041748046875 368.817474365234375 393.48468017578125 392.3406982421875 396.040802001953125 402.77777099609375 401.410430908203125 410.40533447265625 419.982421875 456.21429443359375 528.4427490234375 479.941619873046875 523.64288330078125 583.56121826171875 578.052734375 583.15814208984375 548.94049072265625 482.4444580078125 411.660858154296875 456.550445556640625 663.09808349609375 586.52325439453125 601.0538330078125 614.0889892578125 552.25 587.87017822265625 638.47332763671875 654.1524658203125 653.12469482421875 644.36297607421875 655.0465087890625 662.04364013671875 637.43255615234375 605.005126953125 612.33221435546875 632.47674560546875 619.07708740234375 601.544189453125
343.6337890625 340.3304443359375 347.26983642578125 353.81463623046875 359.382080078125 379.061798095703125 410.040802001953125 471.9552001953125 416.299896240234375 428.65985107421875 450.79364013671875 474.537994384765625 484.853668212890625 529.033447265625 550.47845458984375 707.29083251953125 600.0130615234375 625.0130615234375 644.7607421875 688.08673095703125 606.40643310546875 621.29083251953125 635.547607421875 473.392578125 408.49432373046875 483.16949462890625 571.09808349609375 521.56573486328125 549.14227294921875 551.6337890625 652.14569091796875 665.71484375 661.1451416015625 654.70465087890625 635.54876708984375 633.8531494140625 651.9444580078125 644.2296142578125 628.7613525390625 625.87469482421875 620.7755126953125 615.87640380859375 628.93084716796875
346.82708740234375 353.124267578125 356.014739990234375 356.507354736328125 364.697265625 376.11962890625 429.8055419921875 525.95635986328125 494.47674560546875 528.94671630859375 545.43536376953125 635.78912353515625 624.26715087890625 682.6644287109375 651.4144287109375 710.76873779296875 682.19049072265625 629.3021240234375 537.0958251953125 615.19952392578125 533.10546875 574.15478515625 670.44842529296875 616.12078857421875 465.770965576171875 425.149658203125 436.198974609375 486.392852783203125 650.8231201171875 663.18878173828125 657.26812744140625 665.7879638671875 668.8837890625 648.07537841796875 627.74566650390625 604.9937744140625 647.65362548828125 628.11676025390625 619.73126220703125 617.7244873046875 630.73529052734375 634.265869140625 608.14288330078125
365.332183837890625 373.13861083984375 374.1695556640625 364.520904541015625 371.82635498046875 395.35308837890625 460.83160400390625 529.68292236328125 584.63702392578125 592.0267333984375 600.72418212890625 687.74969482421875 679.87921142578125 700.697998046875 683.92218017578125 631.72650146484375 648.6248779296875 726.136474609375 630.725341796875 514.76947021484375 566.0482177734375 584.99822998046875 725.20965576171875 689.061279296875 512.70269775390625 461.315338134765625 553.68524169921875 535.23516845703125 659.5743408203125 662.2845458984375 660.55517578125 668.38616943359375 669.756103515625 635.736328125 626.8411865234375 622.03485107421875 606.1080322265625 602.22998046875 597.1358642578125 607.83856201171875 624.65155029296875 626.86065673828125 610.13763427734375
374.11224365234375 382.659698486328125 388.1065673828125 382.04364013671875 425.12359619140625 389.969940185546875 430.33050537109375 496.317474365234375 664.977294921875 749.42236328125 661.81292724609375 612.0731201171875 621.842041015625 735.6944580078125 689.99090576171875 633.05670166015625 642.24261474609375 678.83331298828125 626.85601806640625 490.108856201171875 506.41326904296875 477.19500732421875 571.59356689453125 591.43841552734375 485.18707275390625 614.75848388671875 637.50738525390625 571.4886474609375 672.39398193359375 667.80670166015625 651.41839599609375 661.737548828125 673.920654296875 672.1893310546875 661.17767333984375 657.84124755859375 633.85089111328125 606.230712890625 595.572021484375 614.5589599609375 618.114501953125 614.6275634765625 602.97052001953125
473.1558837890625 413.383270263671875 410.60205078125 417.333892822265625 451.240936279296875 405.252838134765625 477.213714599609375 508.2772216796875 671.4461669921875 735.02325439453125 706.51470947265625 698.43988037109375 593.20672607421875 743.42572021484375 682.294189453125 587.6451416015625 698.27777099609375 537.744873046875 515.438232421875 586.70068359375 636.934814453125 653.65875244140625 531.14739990234375 472.17828369140625 542.06011962890625 680.47222900390625 657.2261962890625 560.4075927734375 622.9586181640625 655.97845458984375 654.21142578125 656.37982177734375 672.27099609375 666.15362548828125 659.5499267578125 670.49090576171875 652.121337890625 638.52496337890625 617.5096435546875 603.65533447265625 579.09521484375 552.23187255859375 569.72845458984375
520.70184326171875 467.030792236328125 526.86505126953125 536.30157470703125 487.876983642578125 429.76531982421875 495.912139892578125 600.56689453125 635.463134765625 734.39453125 695.579345703125 664.69329833984375 617.11785888671875 627.79022216796875 643.4013671875 677.77154541015625 559.08502197265625 559.0062255859375 666.0924072265625 707.34808349609375 748.72332763671875 699.7720947265625 644.04986572265625 658.7659912109375 630.83502197265625 679.8231201171875 662.04876708984375 645.06011962890625 595.8021240234375 604.86962890625 631.448974609375 642.5079345703125 668.85943603515625 674.6309814453125 655.1556396484375 659.7596435546875 657.769287109375 630.73297119140625 609.947265625 617.017578125 638.04931640625 602.5255126953125 575.149658203125
594.67913818359375 543.430908203125 741.62359619140625 738.32763671875 598.01873779296875 549.7386474609375 471.26190185546875 511.93310546875 594.23358154296875 743.53289794921875 712.50738525390625 748.087890625 722.786865234375 579.88720703125 564.18536376953125 562.8021240234375 575.68988037109375 586.39398193359375 716.4410400390625 741.3917236328125 744.7261962890625 725.1292724609375 710.28460693359375 694.85308837890625 676.5283203125 668.25341796875 645.46881103515625 628.34014892578125 611.38775634765625 592.79931640625 614.1524658203125 630.888916015625 656.03173828125 657.97845458984375 677.308349609375 653.62701416015625 631.23529052734375 640.2369384765625 659.92913818359375 612.7630615234375 593.2930908203125 580.31915283203125 574.96771240234375
560.01983642578125 668.8135986328125 748.74945068359375 725.6751708984375 738.6876220703125 671.396240234375 521.4541015625 595.4727783203125 703.5714111328125 750.3475341796875 736.96826171875 667.56689453125 640.73052978515625 672.81121826171875 704.11676025390625 637.15020751953125 753.1116943359375 733.8106689453125 731.301025390625 723.54193115234375 738.09014892578125 711.12359619140625 703.0458984375 684.6649169921875 684.086181640625 667.713134765625 669.982421875 668.08221435546875 622.72503662109375 591.58331298828125 598.34918212890625 626.82257080078125 637.02099609375 653.90081787109375 665.725341796875 662.846923828125 650.4013671875 674.7772216796875 636.5623779296875 575.96142578125 567.0289306640625 576.0958251953125 575.09979248046875
590.62359619140625 753.82928466796875 781.6134033203125 752.42120361328125 766.64453125 647.6944580078125 541.3021240234375 733.9296875 746.9693603515625 683.061767578125 694.48468017578125 670.7596435546875 758.87164306640625 758.63153076171875 695.4013671875 679.82537841796875 737.97052001953125 751.38604736328125 740.4892578125 739.73638916015625 742.75341796875 721.910400390625 691.1927490234375 679.6527099609375 670.6513671875 666.53741455078125 682.469970703125 674.6717529296875 641.24603271484375 642.76641845703125 595.07257080078125 610.6258544921875 630.76361083984375 639.6558837890625 652.00115966796875 663.6689453125 638.030029296875 637.78289794921875 610.29534912109375 572.5697021484375 566.30780029296875 569.72332763671875 569.96826171875
576.54364013671875 703.96575927734375 796.56805419921875 763.97900390625 792.44384765625 782.649658203125 705.4693603515625 775.53741455078125 767.47332763671875 710.248291015625 771.10546875 758.036865234375 781.51043701171875 750.54022216796875 759.044189453125 754.3072509765625 737.9620361328125 753.23187255859375 760.9268798828125 735.04193115234375 722.9110107421875 710.4461669921875 691.744873046875 675.0911865234375 680.59979248046875 674.22222900390625 688.81805419921875 674.88323974609375 662.20294189453125 636.39398193359375 597.14227294921875 600.2879638671875 603.08673095703125 642.58447265625 654.82867431640625 653.001708984375 649.1859130859375 623.0465087890625 580.9534912109375 578.35546875 570.963134765625 556.45123291015625 556.3299560546875
482.67120361328125 639.937255859375 744.283447265625 737.638916015625 761.75738525390625 775.38775634765625 741.1190185546875 756.29254150390625 737.36395263671875 735.5107421875 759.8310546875 791.0623779296875 780.0911865234375 786.61053466796875 791.93365478515625 763.05047607421875 743.67913818359375 766.75 761.31634521484375 728.9393310546875 705.6610107421875 696.75909423828125 682.1627197265625 682.49188232421875 686.12811279296875 693.25396728515625 701.530029296875 690.80670166015625 665.35260009765625 625.7607421875 617.963134765625 606.94842529296875 593.5589599609375 603.505126953125 639.23516845703125 608.586181640625 605.04022216796875 609.84014892578125 587.60882568359375 572.79876708984375 568.99774169921875 563.44219970703125 556.48297119140625
