shetran-prepare/prepare/dem_min_4_sub.asc
ncols        147
nrows        190
xllcorner    3448500.331265599933
yllcorner    5321100.167325999588
cellsize     1000.000000000000
NODATA_value  -9999
[rows 126 to 167 of 190, columns 0 to 93 of 147]
602 531 503 464 451 462 497 706 779 751 756 742 680 639 633 572 520 622 576 576 560 548 452 434 427 418 485 466 466 423 391 365 443 584 557 485 556 529 495 443 424 417 426 438 524 504 495 473 452 448 515 510 502 456 443 454 442 405 409 368 361 361 350 342 339 381 360 332 269 273 265 272 284 305 323 320 288 293 317 299 315 337 399 360 343 382 382 377 368 357 395 326 406 438
538 533 535 533 532 466 469 636 731 650 703 736 611 606 607 546 483 472 463 463 454 445 440 432 431 418 424 422 484 500 424 372 471 585 554 527 527 516 488 423 411 408 416 419 438 503 478 461 451 437 441 425 450 428 413 439 442 434 461 469 460 433 419 404 405 388 382 281 262 285 328 308 290 299 345 352 313 309 317 393 363 344 359 364 357 443 433 405 425 439 428 367 410 505
540 587 736 609 602 498 473 567 781 630 613 729 689 534 531 497 493 496 567 455 456 443 443 450 517 504 444 411 414 454 378 381 463 572 554 550 545 509 477 423 394 385 398 395 397 430 444 442 443 436 426 418 408 395 409 406 401 438 440 479 430 380 381 399 396 358 354 276 269 282 293 330 325 313 316 356 317 316 320 356 383 417 382 383 374 426 456 425 571 592 461 429 418 451
608 629 761 713 611 547 476 531 705 659 584 660 674 548 499 501 521 591 550 472 510 555 534 488 552 530 493 415 399 441 386 434 528 575 546 540 532 507 486 449 404 374 372 361 380 389 403 402 393 412 469 487 430 374 424 409 377 398 404 460 434 388 350 377 374 361 331 272 271 300 293 316 327 348 331 344 350 369 331 365 381 431 433 427 395 417 460 515 562 644 641 484 445 448
734 683 682 763 613 566 476 517 641 675 567 571 687 557 522 555 618 592 562 506 507 546 527 500 531 558 517 434 398 404 380 410 563 554 553 530 523 493 474 457 407 381 370 366 365 380 390 376 378 409 434 422 419 343 343 349 370 390 394 445 412 406 339 326 358 360 286 280 290 334 306 318 335 365 362 367 394 361 343 365 414 443 494 509 407 407 443 661 738 714 687 474 469 516
740 688 627 688 653 530 477 532 743 688 567 553 548 540 559 686 649 608 519 518 567 547 536 506 459 436 436 514 417 399 385 405 455 537 529 519 504 485 462 437 420 380 365 365 359 369 387 377 369 377 448 416 389 367 351 341 336 369 413 408 412 365 365 318 293 285 288 274 311 334 312 318 333 364 397 404 433 412 393 405 487 528 651 602 444 413 444 507 732 718 743 730 507 689
744 702 638 585 608 552 485 535 651 681 590 555 548 549 650 663 646 615 525 604 574 562 524 510 454 445 431 432 469 399 395 395 455 494 517 491 474 452 453 447 428 376 345 385 362 357 379 375 348 361 418 415 396 410 410 428 329 399 412 367 356 310 294 292 290 298 302 292 334 356 317 322 332 378 389 372 437 464 424 410 438 607 678 666 541 438 432 438 631 624 705 711 689 679
654 703 676 565 581 564 494 516 602 706 675 583 561 685 656 636 577 563 553 612 602 564 488 468 459 457 442 427 422 413 405 405 516 521 514 484 463 445 439 433 425 407 390 379 360 353 348 345 343 357 420 364 350 406 371 362 310 318 302 297 297 293 297 345 315 327 349 305 313 345 337 332 336 348 342 355 372 376 456 458 466 578 668 674 656 498 439 440 465 514 542 704 687 749
570 566 669 559 534 539 503 519 568 732 703 640 725 685 637 613 579 618 621 590 564 498 484 502 501 470 471 548 544 429 411 440 505 508 493 478 460 447 437 422 415 411 416 418 405 380 364 339 334 333 341 326 323 329 327 327 303 299 297 297 299 296 336 372 351 331 353 329 324 334 350 354 348 346 344 345 346 346 419 448 553 649 566 654 646 675 505 456 475 479 583 704 735 775
561 560 556 550 530 520 514 535 590 724 684 690 690 699 670 668 636 602 579 572 507 512 512 533 526 510 562 539 504 435 425 502 527 518 503 491 476 464 446 436 422 413 430 411 393 381 393 352 336 326 325 314 314 316 311 310 306 299 301 388 368 309 316 354 368 350 368 345 349 379 393 397 375 369 379 417 395 362 399 466 594 628 520 559 562 568 527 529 578 563 648 750 767 770
589 620 593 539 530 531 676 570 581 732 682 658 669 669 705 668 630 601 572 519 512 602 571 578 552 569 558 519 448 443 483 519 516 499 500 481 472 449 458 432 428 432 421 411 390 374 367 351 347 336 340 347 371 305 304 310 310 308 367 387 360 321 316 321 351 372 378 378 374 388 421 437 417 394 414 609 503 398 398 429 541 572 484 505 528 625 644 660 710 747 742 778 749 774
634 678 677 564 535 555 692 694 633 698 672 644 656 648 695 647 611 594 546 529 558 595 599 602 591 582 577 528 462 543 533 517 496 482 467 469 464 452 443 438 427 407 399 407 393 366 355 338 323 303 314 311 295 301 306 316 357 358 402 383 360 350 330 330 337 351 365 378 402 448 480 487 452 435 431 696 632 489 418 427 455 478 482 517 556 643 686 685 704 730 755 764 735 752
664 712 660 570 553 553 688 738 726 691 654 610 636 625 637 675 625 587 554 545 564 592 557 573 591 557 501 484 470 540 510 495 487 476 465 463 456 448 445 451 423 410 388 382 377 389 347 326 310 310 314 305 304 304 309 313 313 397 402 384 365 358 354 341 344 352 364 376 393 465 458 484 539 572 572 677 620 472 445 440 446 466 497 575 665 703 693 696 717 703 762 768 745 745
755 710 654 626 575 573 724 727 686 663 617 592 590 614 638 665 621 596 557 555 596 596 546 538 525 511 505 540 557 524 487 468 458 452 460 461 453 443 445 458 433 438 415 381 365 348 339 327 313 314 310 308 307 318 342 337 331 357 402 388 374 370 363 354 362 368 384 377 391 421 447 510 600 637 657 697 680 565 489 530 453 453 502 587 699 683 709 722 713 702 753 776 766 781
820 843 803 726 604 588 613 720 687 627 603 576 573 611 620 671 641 598 581 568 581 588 555 531 522 528 532 507 469 451 444 435 439 446 453 468 466 457 426 404 436 450 424 396 369 339 330 323 320 328 318 325 401 352 401 338 354 360 368 384 403 398 388 384 372 384 394 396 401 414 429 460 491 602 658 654 659 704 708 714 475 472 484 598 663 623 639 659 664 721 737 771 795 775
816 802 766 736 718 715 625 643 660 637 612 581 557 579 567 609 645 617 591 596 597 620 585 541 541 532 523 501 467 460 435 403 462 464 454 467 473 471 462 394 373 357 344 292 337 341 345 332 339 345 325 329 392 425 392 350 348 381 384 389 403 441 445 387 391 423 445 405 417 485 445 461 491 621 622 667 694 710 700 698 699 564 488 628 675 603 621 679 667 736 755 770 791 792
765 754 793 745 714 693 674 662 654 613 613 612 549 534 537 542 569 626 633 678 654 618 571 555 556 509 478 462 478 473 416 381 369 368 435 426 459 444 476 459 353 339 333 305 350 412 384 366 376 402 374 355 417 430 388 365 367 365 410 418 435 457 495 426 469 467 438 417 423 457 503 538 629 701 637 644 688 679 667 655 698 680 519 521 618 581 588 689 715 731 755 769 779 787
553 622 692 699 747 726 692 765 669 620 599 563 554 538 520 515 590 625 596 573 605 609 586 581 536 539 484 392 384 375 375 377 368 368 363 357 357 344 354 353 351 348 449 354 354 431 430 417 508 402 402 374 389 407 388 375 378 385 397 421 445 455 490 472 475 466 451 473 448 449 475 498 543 653 648 659 665 676 656 657 685 699 554 517 539 570 672 736 744 732 750 740 790 754
541 563 575 668 684 743 799 743 650 620 603 584 555 519 510 500 607 618 585 524 511 585 604 587 493 411 386 386 388 404 416 476 487 368 359 368 363 358 351 351 353 442 456 413 375 395 407 412 453 482 446 429 427 421 387 375 389 385 410 422 485 483 502 554 537 511 491 524 492 471 473 498 654 670 724 692 646 667 660 683 711 719 738 662 614 602 643 682 706 729 782 742 760 763
543 527 573 668 660 777 776 776 769 647 620 592 544 538 593 491 500 622 625 517 487 464 436 417 393 389 387 416 518 492 497 499 492 374 374 502 493 465 465 488 354 366 440 434 385 386 407 407 412 424 466 482 451 414 400 388 411 414 448 472 479 521 518 551 584 615 553 615 544 501 490 592 691 701 742 720 687 671 668 665 732 761 738 700 694 660 678 696 697 713 734 733 750 781
537 493 621 594 617 700 781 730 738 682 622 578 553 557 563 493 490 549 646 634 543 453 449 407 390 394 480 430 518 505 509 497 406 375 476 505 493 459 462 464 436 365 425 415 384 412 436 462 437 424 431 447 444 412 411 421 424 458 513 533 595 600 605 620 615 636 692 626 533 501 504 685 642 683 676 689 690 654 654 667 706 728 725 681 660 671 680 697 680 696 729 739 744 758
458 480 571 588 587 621 754 644 675 632 643 590 582 557 534 508 474 483 636 646 578 530 477 409 394 528 518 490 506 509 510 495 472 374 380 488 501 484 456 446 430 382 412 413 420 413 409 426 472 482 459 459 440 422 430 444 463 482 508 545 556 600 644 697 684 763 728 751 676 530 517 633 621 651 656 674 662 654 653 639 659 670 677 675 663 664 672 679 695 699 729 724 754 727
439 613 747 600 546 633 658 587 574 560 617 610 598 561 532 518 478 456 638 647 586 590 494 545 395 409 442 514 501 509 508 520 502 390 378 425 490 480 466 452 445 380 411 417 447 435 417 428 434 471 472 466 446 437 431 456 466 485 516 604 628 687 697 732 754 750 739 739 721 705 539 594 630 638 663 661 652 660 656 640 640 660 666 646 674 678 718 689 709 756 746 711 738 677
427 633 746 589 515 568 578 653 521 511 656 580 550 523 526 476 461 453 583 643 628 574 489 409 399 399 403 408 489 475 475 492 477 450 390 390 472 477 472 464 445 396 407 410 465 477 455 488 465 468 489 457 448 455 460 477 521 510 512 556 614 687 795 763 752 734 733 743 757 734 723 663 665 681 664 678 659 701 690 675 620 620 639 641 694 707 728 709 695 711 757 710 690 677
453 694 616 620 499 513 575 493 493 509 626 561 528 514 510 493 454 451 543 635 575 418 413 406 413 496 419 404 421 433 467 485 492 488 464 389 422 479 459 442 436 407 406 403 411 488 508 489 490 481 486 472 468 479 490 497 629 586 542 559 730 703 738 763 744 737 709 738 793 746 703 676 682 689 698 688 703 698 712 691 655 629 623 670 684 694 707 728 696 688 724 727 694 681
575 659 539 627 480 544 551 469 493 615 643 564 532 580 550 526 446 443 438 430 426 416 486 468 427 415 414 432 424 429 466 469 497 488 496 402 406 478 466 452 435 420 410 410 415 413 435 449 479 490 495 515 530 520 614 610 623 580 566 571 650 695 743 778 747 714 711 727 746 686 694 675 676 700 727 703 719 716 695 698 656 648 618 629 600 610 674 692 727 688 691 726 711 704
605 558 506 552 467 576 501 459 612 659 624 577 540 602 566 558 477 536 567 437 434 559 521 429 420 420 489 463 431 431 500 508 522 510 491 487 421 456 473 470 468 447 436 434 436 436 444 445 467 480 496 548 582 610 606 723 625 625 634 695 724 716 735 757 755 716 709 734 716 701 691 690 698 718 735 728 712 721 705 689 666 640 611 609 606 602 602 673 728 691 681 662 697 682
599 557 471 532 461 522 493 444 527 548 607 577 555 561 628 545 531 531 517 472 447 426 430 428 443 497 483 448 449 457 490 502 475 468 466 478 407 432 448 455 529 538 474 470 453 455 495 468 470 487 497 512 563 578 601 701 781 768 756 769 738 711 706 765 716 703 714 747 715 710 699 699 702 718 717 717 723 722 709 696 694 700 638 643 671 626 599 596 708 715 701 651 642 637
634 512 454 438 452 480 430 438 455 472 580 614 643 567 633 577 645 531 534 580 428 433 478 523 510 491 476 465 488 498 485 462 456 455 453 451 430 426 416 447 472 512 516 495 475 454 484 502 484 484 492 503 522 540 629 785 792 770 747 734 743 694 693 699 675 703 725 735 709 685 668 706 726 741 725 709 714 705 700 713 706 706 713 701 751 701 602 594 634 705 707 691 698 716
615 547 453 425 452 456 414 501 536 502 539 600 639 579 642 627 644 614 590 576 430 449 533 528 517 493 476 481 494 543 482 462 464 472 450 438 438 436 414 430 512 531 522 517 496 475 487 509 510 503 509 545 542 537 583 710 795 779 762 732 707 692 697 688 674 718 724 693 665 666 694 737 750 722 710 720 718 714 692 716 705 720 718 685 755 693 648 591 595 709 696 715 718 722
550 577 456 391 441 448 410 431 452 488 607 629 626 583 653 647 640 625 595 578 436 504 535 537 512 490 496 505 557 510 477 468 510 484 464 461 474 479 430 433 429 495 499 513 531 494 497 538 541 528 517 530 609 560 579 649 746 708 764 732 716 722 754 728 673 722 726 709 661 627 703 752 746 737 706 734 727 690 693 717 708 729 680 662 691 677 685 594 583 696 641 681 719 700
501 507 540 365 381 367 400 496 498 488 580 614 589 597 657 642 644 621 475 450 441 465 572 545 513 510 514 506 499 492 473 469 548 504 450 516 521 506 476 452 451 469 499 525 544 516 526 536 581 566 554 541 567 574 585 593 649 695 774 750 764 764 745 776 678 670 709 698 701 624 708 761 723 717 726 719 742 725 766 733 700 719 717 679 675 661 660 586 576 608 656 704 713 657
482 455 497 362 347 363 457 642 589 538 582 648 603 615 662 649 659 639 483 447 557 590 584 557 533 543 533 522 501 492 490 483 535 525 509 538 529 520 540 526 460 469 496 507 529 545 547 550 575 666 655 606 600 671 707 606 653 758 751 737 821 810 770 778 743 654 710 690 686 622 735 754 742 734 687 719 725 739 717 717 713 695 713 711 715 686 661 602 581 602 723 695 689 638
406 365 363 328 336 444 490 652 620 610 615 640 606 614 666 655 656 640 492 450 525 588 572 553 553 591 587 551 544 561 523 495 497 555 550 559 549 557 533 522 476 492 503 536 540 555 571 591 639 733 866 692 694 782 682 632 646 747 733 713 815 790 766 754 746 673 710 688 686 683 735 748 738 741 719 721 725 749 717 715 683 690 710 693 683 684 632 578 578 640 696 678 655 616
311 319 325 319 385 454 591 662 641 667 659 640 623 621 651 657 664 654 494 454 482 576 517 546 542 564 606 620 613 588 549 533 511 543 569 569 558 547 530 508 479 494 514 528 555 572 595 617 793 810 809 831 826 734 687 657 655 688 719 723 708 703 767 737 731 672 671 674 684 714 770 773 742 747 736 723 720 721 674 676 698 671 689 680 680 668 613 571 568 648 666 672 592 596
381 396 327 328 477 502 603 668 654 678 670 649 640 640 641 656 659 646 522 463 460 461 511 562 528 575 563 586 642 629 582 542 530 538 588 572 553 550 526 507 486 507 549 554 572 645 679 664 721 801 796 792 854 868 791 691 712 740 716 711 703 691 691 728 711 717 664 618 684 718 739 767 745 745 747 726 701 706 683 669 662 662 638 616 607 643 626 588 559 562 620 596 562 577
439 445 334 334 461 463 671 668 661 658 667 647 648 645 644 663 658 649 633 512 466 459 483 544 528 542 552 573 640 622 598 579 562 566 596 577 573 549 536 515 500 511 526 554 627 685 741 796 798 815 781 779 840 852 807 729 763 833 848 798 797 797 676 689 752 713 675 638 725 741 748 757 738 741 736 736 715 715 702 698 680 653 638 604 601 622 642 633 570 552 552 571 566 583
596 483 402 354 365 404 489 673 664 658 660 656 650 651 676 672 656 649 643 626 530 457 487 515 540 542 566 621 603 628 605 608 615 631 623 604 591 568 543 515 513 536 565 591 648 644 675 736 773 793 781 764 785 831 847 805 842 828 801 836 832 803 768 659 704 744 663 658 723 731 765 726 729 735 702 708 712 703 679 678 689 700 673 616 556 588 614 635 593 557 542 536 559 562
698 595 459 405 370 454 523 675 667 660 660 655 654 653 681 667 659 635 653 627 590 463 477 543 545 561 553 548 549 559 570 606 626 646 615 571 546 544 533 520 519 530 577 633 649 622 653 728 744 758 847 778 769 805 849 843 869 847 821 830 819 782 765 640 658 738 637 676 721 734 749 733 729 736 716 719 736 700 701 659 706 706 669 602 558 640 655 673 583 575 578 539 523 513
681 661 557 480 382 442 571 681 675 670 669 658 651 655 667 671 657 642 624 576 517 474 508 508 546 531 535 544 547 580 571 580 607 631 595 571 551 549 540 537 530 528 546 565 589 627 741 760 702 717 822 771 744 768 861 852 870 855 820 834 812 787 763 688 665 672 645 648 688 714 729 736 737 740 741 727 726 713 700 686 705 718 673 613 528 608 611 664 602 549 549 544 549 525
709 641 630 548 409 418 547 653 681 676 674 665 646 657 665 665 650 641 631 619 576 468 486 491 516 528 543 595 654 638 618 583 592 602 598 586 579 567 567 573 565 561 542 563 612 687 816 765 679 689 811 779 740 735 842 848 850 830 791 800 778 770 725 691 675 653 666 615 650 685 738 744 754 746 727 727 724 711 707 697 686 699 668 654 524 529 619 605 616 551 498 499 499 497
648 613 567 554 422 418 467 556 692 683 685 656 642 640 654 664 662 652 638 629 550 483 477 590 560 534 538 545 554 574 623 621 602 600 633 608 614 602 591 586 587 590 563 561 579 654 751 734 686 703 804 790 719 711 840 854 855 845 790 766 782 795 732 696 738 663 645 623 637 702 727 743 756 741 727 735 724 715 705 697 681 651 648 576 536 522 514 530 595 544 492 504 530 517
