shetran-prepare/prepare/dem_avg_4_sub.asc
ncols        147
nrows        190
xllcorner    3448500.331265599933
yllcorner    5321100.167325999588
cellsize     1000.000000000000
NODATA_value  -9999
[rows 38 to 56 of 190, columns 86 to 128 of 147]
305.29705810546875 281.716033935546875 319.2052001953125 317.113372802734375 319.6275634765625 287.636627197265625 326.490936279296875 363.37982177734375 364.8486328125 331.753387451171875 331.6734619140625 284.66552734375 238.0720062255859375 241.274383544921875 258.519287109375 303.507354736328125 310.3424072265625 355.6610107421875 393.6893310546875 379.1434326171875 377.47674560546875 393.569732666015625 408.4586181640625 413.710235595703125 413.13037109375 412.502838134765625 408.1099853515625 419.94842529296875 427.899658203125 431.861114501953125 411.457489013671875 412.77777099609375 363.37982177734375 433.579376220703125 450.21893310546875 449.18707275390625 428.379241943359375 449.753387451171875 456.578216552734375 461.45068359375 459.90362548828125 466.642303466796875 455.892303466796875
309.797607421875 289.509857177734375 328.45635986328125 325.537994384765625 290.246612548828125 293.5220947265625 333.0748291015625 329.11224365234375 336.4744873046875 300.632080078125 289.57879638671875 238.7267608642578125 307.811859130859375 302.7562255859375 283.91326904296875 289.599212646484375 271.58673095703125 325.853179931640625 381.526641845703125 332.713714599609375 363.012481689453125 386.878692626953125 392.3724365234375 404.482574462890625 405.6513671875 419.98187255859375 434.567474365234375 441.04534912109375 455.90362548828125 442.008514404296875 433.2437744140625 445.540802001953125 406.1513671875 369.282867431640625 393.8681640625 418.09466552734375 423.396820068359375 448.70635986328125 461.678009033203125 458.615631103515625 453.251708984375 474.683685302734375 465.215972900390625
289.637176513671875 305.449462890625 333.168365478515625 304.566314697265625 274.1593017578125 316.959197998046875 342.251129150390625 311.68878173828125 318.977325439453125 270.77606201171875 245.571990966796875 305.0906982421875 279.663177490234375 322.933685302734375 352.424591064453125 334.093536376953125 341.98980712890625 287.563507080078125 345.67913818359375 293.66156005859375 309.612823486328125 383.926300048828125 406.257354736328125 401.84552001953125 405.20294189453125 404.92120361328125 417.11395263671875 440.403076171875 460.13604736328125 462.520965576171875 463.917236328125 464.748870849609375 445.676300048828125 440.849212646484375 402.507537841796875 440.774932861328125 437.702392578125 452.904754638671875 464.863372802734375 477.16552734375 460.922332763671875 471.282867431640625 484.231292724609375
278.280059814453125 327.407073974609375 323.471649169921875 300.111663818359375 284.697845458984375 335.90985107421875 327.709197998046875 290.01812744140625 248.916107177734375 235.1717681884765625 308.925750732421875 349.987518310546875 334.96282958984375 309.36846923828125 319.862823486328125 351.514739990234375 356.6558837890625 303.424041748046875 278.615081787109375 358.695587158203125 329.336181640625 323.56463623046875 386.812347412109375 383.21197509765625 361.357696533203125 358.546478271484375 371.333343505859375 411.012481689453125 422.938201904296875 441.091278076171875 459.07879638671875 470.75225830078125 466.729583740234375 455.69842529296875 447.307769775390625 431.065765380859375 441.882659912109375 463.1910400390625 460.408172607421875 479.702392578125 466.879241943359375 468.931396484375 472.29705810546875
322.73980712890625 320.745635986328125 310.22674560546875 272.765869140625 277.583343505859375 305.544219970703125 244.2397918701171875 238.9750518798828125 281.480712890625 274.201812744140625 345.77947998046875 382.288543701171875 368.992462158203125 341.861663818359375 365.91326904296875 353.68084716796875 385.6275634765625 370.620758056640625 329.21826171875 359.3934326171875 384.640594482421875 333.58221435546875 300.4075927734375 352.40185546875 427.6751708984375 426.554412841796875 441.26531982421875 456.493194580078125 420.9234619140625 431.434814453125 459.791961669921875 453.22052001953125 463.79705810546875 460.4393310546875 457.76654052734375 462.19329833984375 451.740936279296875 470.129241943359375 488.428558349609375 486.33843994140625 481.359405517578125 476.16778564453125 468.217681884765625
318.719390869140625 297.867584228515625 251.73016357421875 234.967681884765625 268.524932861328125 236.7142791748046875 249.3418426513671875 314.782867431640625 312.573699951171875 287.698974609375 305.6944580078125 316.83447265625 358.808929443359375 384.603179931640625 383.837310791015625 399.8934326171875 408.70294189453125 378.18536376953125 374.346923828125 391.392303466796875 399.918365478515625 402.134918212890625 317.62640380859375 334.596405029296875 361.52606201171875 390.41552734375 417.0255126953125 429.013031005859375 446.605438232421875 427.60260009765625 446.615631103515625 450.90533447265625 468.126983642578125 471.5238037109375 474.54412841796875 463.0941162109375 459.61224365234375 478.623016357421875 479.0748291015625 472.480712890625 475.67742919921875 475.645111083984375 467.12188720703125
303.301025390625 262.27294921875 222.1105499267578125 270.7103271484375 278.6258544921875 299.638336181640625 314.154754638671875 344.743194580078125 357.38037109375 353.69500732421875 333.74774169921875 348.67120361328125 335.2921142578125 325.70294189453125 347.813507080078125 376.98187255859375 398.255096435546875 400.12982177734375 385.98638916015625 405.202392578125 406.239227294921875 409.715972900390625 378.90985107421875 297.461090087890625 394.44329833984375 423.78570556640625 441.7720947265625 430.358856201171875 437.23583984375 439.001129150390625 460.492645263671875 453.942169189453125 458.2386474609375 473.0748291015625 473.688140869140625 477.621307373046875 471.91949462890625 483.366790771484375 478.8917236328125 471.5238037109375 478.896820068359375 471.90191650390625 463.947265625
234.244903564453125 241.4692230224609375 294.764739990234375 331.256805419921875 334.583343505859375 343.615081787109375 351.33221435546875 367.551025390625 361.2913818359375 339.92913818359375 369.95465087890625 352.422332763671875 372.719512939453125 389.44671630859375 392.434814453125 387.50225830078125 390.92120361328125 407.294219970703125 402.498870849609375 402.446136474609375 426.22674560546875 410.10205078125 405.56292724609375 325.008697509765625 338.41326904296875 412.41497802734375 436.504547119140625 453.47845458984375 440.07257080078125 449.12359619140625 446.335601806640625 458.922332763671875 467.802734375 476.770965576171875 470.372833251953125 477.496612548828125 473.416107177734375 478.63604736328125 474.32708740234375 472.16778564453125 468.374725341796875 471.839569091796875 468.079925537109375
232.08013916015625 296.66387939453125 328.74041748046875 343.869903564453125 362.275848388671875 352.0191650390625 330.763641357421875 347.547027587890625 311.24737548828125 302.790374755859375 357.375732421875 379.977935791015625 397.299835205078125 404.728790283203125 408.254364013671875 401.704986572265625 406.848419189453125 406.624267578125 414.769439697265625 415.634735107421875 421.968048095703125 406.551116943359375 383.519744873046875 299.12255859375 399.314178466796875 430.87109375 439.22705078125 453.511627197265625 450.55633544921875 457.023223876953125 455.167816162109375 458.91522216796875 473.42913818359375 481.27642822265625 467.918487548828125 480.4256591796875 472.782806396484375 474.05865478515625 488.505218505859375 481.171905517578125 465.574920654296875 477.430908203125 471.157379150390625
287.880950927734375 327.50927734375 337.5096435546875 320.831634521484375 336.71087646484375 338.652496337890625 315.640594482421875 332.998291015625 307.1768798828125 349.1689453125 293.29364013671875 311.204071044921875 359.181182861328125 375.841827392578125 363.82708740234375 353.25225830078125 383.977325439453125 395.1337890625 400.230712890625 412.3265380859375 416.160430908203125 401.221649169921875 373.404754638671875 302.479095458984375 383.37811279296875 400.22845458984375 384.882080078125 404.59466552734375 437.886627197265625 451.037994384765625 452.934234619140625 461.650787353515625 476.855438232421875 484.347503662109375 466.692230224609375 469.815765380859375 467.058380126953125 474.166107177734375 474.73583984375 475.981292724609375 470.168365478515625 470.916656494140625 471.24603271484375
323.56689453125 333.976776123046875 316.134918212890625 286.731292724609375 307.632080078125 296.857147216796875 322.202392578125 295.894561767578125 257.95635986328125 292.63153076171875 245.3078155517578125 234.82879638671875 227.9976806640625 300.69842529296875 298.379241943359375 344.664398193359375 383.365631103515625 392.819732666015625 397.66552734375 408.87640380859375 410.186492919921875 404.48583984375 416.7579345703125 365.43670654296875 334.7738037109375 314.426300048828125 421.07086181640625 425.853729248046875 419.422332763671875 431.797607421875 450.21087646484375 466.646820068359375 468.829925537109375 470.7403564453125 468.293853759765625 460.721099853515625 464.676300048828125 477.252838134765625 472.640594482421875 467.462005615234375 464.69500732421875 476.477325439453125 462.487518310546875
301.6768798828125 325.432647705078125 237.0289154052734375 238.57086181640625 235.4858245849609375 220.9268646240234375 228.6060028076171875 260.28741455078125 255.0731353759765625 245.0459136962890625 280.861114501953125 341.387176513671875 337.5911865234375 285.057830810546875 261.76416015625 384.003387451171875 380.49774169921875 386.345245361328125 392.43084716796875 401.01361083984375 409.579925537109375 405.998870849609375 426.20465087890625 407.914642333984375 425.100921630859375 378.76361083984375 359.248291015625 428.402496337890625 457.634368896484375 463.11962890625 450.802154541015625 450.420623779296875 464.48638916015625 478.729034423828125 466.915802001953125 452.98638916015625 458.766998291015625 464.745452880859375 468.892303466796875 459.3582763671875 469.02154541015625 467.765869140625 451.216552734375
259.528350830078125 249.19744873046875 302.587310791015625 348.172332763671875 344.9427490234375 319.09014892578125 259.835601806640625 327.5430908203125 348.315765380859375 351.16156005859375 357.917236328125 335.942169189453125 398.2921142578125 405.4886474609375 292.4903564453125 261.187652587890625 316.60601806640625 363.398529052734375 386.1944580078125 405.225616455078125 412.02947998046875 410.019287109375 422.63037109375 422.054595947265625 430.7437744140625 407.208038330078125 343.88775634765625 434.174591064453125 458.6337890625 468.0810546875 457.67913818359375 467.475067138671875 480.09466552734375 473.43310546875 464.480255126953125 459.55157470703125 445.329925537109375 466.57257080078125 461.800445556640625 446.111663818359375 450.306121826171875 451.68878173828125 449.058380126953125
263.1593017578125 254.2584228515625 313.3599853515625 332.2579345703125 330.744903564453125 326.481292724609375 305.237518310546875 296.48809814453125 359.22222900390625 344.3565673828125 354.58673095703125 375.4761962890625 403.261322021484375 411.75 366.67913818359375 298.632659912109375 303.77154541015625 284.85601806640625 277.969940185546875 307.03912353515625 316.526641845703125 395.715423583984375 412.865081787109375 418.0023193359375 434.519287109375 345.9744873046875 389.14739990234375 466.971099853515625 476.410430908203125 474.27947998046875 465.825958251953125 464.68707275390625 477.948974609375 464.918365478515625 459.038909912109375 455.31121826171875 439.73187255859375 450.71087646484375 456.207489013671875 454.29364013671875 439.21429443359375 432.378692626953125 427.496612548828125
334.69671630859375 327.162017822265625 282.2755126953125 286.367919921875 295.339569091796875 304.604888916015625 337.20068359375 312.0430908203125 313.699554443359375 335.3055419921875 352.731292724609375 359.0113525390625 388.51104736328125 388.595794677734375 367.331634521484375 372.065185546875 360.5941162109375 369.041961669921875 346.751708984375 360.9920654296875 270.98583984375 375.866790771484375 404.8775634765625 425.085357666015625 433.7227783203125 397.230712890625 333.490936279296875 452.2562255859375 474.684234619140625 480.382659912109375 473.1417236328125 475.50567626953125 468.9744873046875 457.091278076171875 440.159698486328125 428.3758544921875 423.04876708984375 421.76019287109375 434.132659912109375 424.15362548828125 426.739227294921875 422.800445556640625 415.51190185546875
306.799896240234375 302.02728271484375 316.806121826171875 300.788543701171875 298.180267333984375 324.14739990234375 315.132080078125 330.274932861328125 324.841827392578125 312.78173828125 335.532867431640625 342.78741455078125 354.2200927734375 350.532867431640625 356.87811279296875 365.1162109375 360.249420166015625 376.079925537109375 392.599761962890625 400.97222900390625 289.749420166015625 396.89794921875 384.320281982421875 419.61151123046875 445.25396728515625 401.967681884765625 345.548187255859375 434.144561767578125 467.85205078125 466.837860107421875 466.2596435546875 468.437652587890625 464.0810546875 455.442169189453125 429.8397216796875 420.06915283203125 422.794219970703125 424.9393310546875 424.579376220703125 418.60430908203125 420.083892822265625 422.149078369140625 420.49432373046875
309.22222900390625 316.234039306640625 318.448974609375 327.7579345703125 298.270965576171875 303.695587158203125 316.94842529296875 314.491485595703125 331.698974609375 331.93707275390625 322.22393798828125 326.845245361328125 334.27642822265625 343.303863525390625 348.81292724609375 352.199554443359375 360.79876708984375 379.957489013671875 383.046478271484375 399.62640380859375 358.354888916015625 273.514739990234375 405.581634521484375 437.53717041015625 453.085601806640625 431.26983642578125 353.803863525390625 371.23809814453125 464.25 452.6065673828125 446.362823486328125 446.80950927734375 434.324249267578125 412.853729248046875 410.26190185546875 395.861663818359375 417.205780029296875 417.296478271484375 422.093536376953125 419.428009033203125 409.764739990234375 409.719390869140625 425.991485595703125
321.21881103515625 303.2607421875 305.466552734375 320.54931640625 312.40362548828125 311.532867431640625 316.97052001953125 314.684814453125 313.693878173828125 318.528350830078125 329.251129150390625 341.870758056640625 346.119049072265625 338.53515625 348.42291259765625 355.6513671875 357.156463623046875 363.492645263671875 379.140594482421875 394.895111083984375 395.507354736328125 277.549896240234375 378.967681884765625 424.27410888671875 435.267578125 450.678009033203125 446.112823486328125 332.756805419921875 440.432525634765625 450.179718017578125 434.77154541015625 372.2403564453125 393.947265625 412.3662109375 421.7822265625 413.164398193359375 404.758514404296875 412.2579345703125 417.7103271484375 409.815185546875 408.09808349609375 407.599212646484375 422.991485595703125
287.943878173828125 270.96051025390625 273.837310791015625 287.828216552734375 301.567474365234375 296.229034423828125 314.487518310546875 317.08050537109375 329.310089111328125 334.735260009765625 336.63153076171875 334.680267333984375 338.109161376953125 348.436492919921875 342.967132568359375 344.613372802734375 345.749420166015625 356.33050537109375 375.71429443359375 380.92120361328125 396.94329833984375 282.1224365234375 427.32708740234375 436.41058349609375 443.766998291015625 457.948974609375 449.300445556640625 368.4110107421875 333.1275634765625 354.660430908203125 374.715423583984375 367.010772705078125 429.22674560546875 415.55157470703125 418.025543212890625 433.40533447265625 419.85260009765625 413.7244873046875 399.6275634765625 405.953521728515625 419.236968994140625 423.136627197265625 434.1893310546875
