shetran-prepare/prepare/dem_avg_4_sub.asc
ncols        147
nrows        190
xllcorner    3448500.331265599933
yllcorner    5321100.167325999588
cellsize     1000.000000000000
NODATA_value  -9999
[rows 19 to 37 of 190, columns 43 to 85 of 147]
372.214874267578125 427.753387451171875 376.37811279296875 316.129241943359375 411.2562255859375 450.345245361328125 420.0447998046875 476.06915283203125 519.603759765625 459.203521728515625 463.4779052734375 431.6004638671875 468.060089111328125 353.120758056640625 413.73583984375 472.700103759765625 406.621307373046875 373.58050537109375 387.61846923828125 471.5238037109375 511.9586181640625 489.951812744140625 475.263641357421875 433.87188720703125 472.48187255859375 457.99774169921875 434.0810546875 403.1434326171875 313.233001708984375 409.33050537109375 433.72222900390625 441.506805419921875 419.166656494140625 404.93206787109375 414.288543701171875 414.58673095703125 406.908172607421875 409.595794677734375 417.845245361328125 390.97674560546875 377.9744873046875 388.760772705078125 363.865081787109375
353.98199462890625 404.394561767578125 360.108856201171875 326.811798095703125 443.836181640625 434.016998291015625 418.13604736328125 501.8565673828125 469.90362548828125 454.534576416015625 436.924041748046875 435.7154541015625 436.048187255859375 435.5447998046875 334.80328369140625 487.302154541015625 434.765869140625 496.701812744140625 477.373016357421875 499.716552734375 522.49884033203125 497.634368896484375 455.826934814453125 441.55499267578125 471.836181640625 452.0220947265625 476.376983642578125 431.033447265625 327.755096435546875 403.883209228515625 446.28118896484375 415.439910888671875 405.282318115234375 416.12774658203125 411.798187255859375 437.928009033203125 420.132080078125 427.251129150390625 439.579376220703125 407.640594482421875 400.768707275390625 382.69671630859375 355.914398193359375
396.6103515625 346.38037109375 315.229034423828125 403.099761962890625 456.48980712890625 392.22845458984375 412.0096435546875 521.79022216796875 470.73583984375 458.672332763671875 383.324249267578125 397.1864013671875 382.286285400390625 427.641143798828125 313.061798095703125 402.142303466796875 423.051025390625 489.284576416015625 523.53912353515625 503.685943603515625 518.9013671875 496.733001708984375 470.21661376953125 448.971649169921875 460.929718017578125 428.144561767578125 433.48187255859375 403.3089599609375 342.863372802734375 341.12017822265625 398.40362548828125 390.03173828125 383.087860107421875 419.659698486328125 416.116790771484375 434.90704345703125 443.479034423828125 447.874725341796875 436.63037109375 410.215423583984375 400.033447265625 395.0889892578125 383.6927490234375
423.5145263671875 325.29931640625 289.640594482421875 417.385498046875 394.150787353515625 354.528900146484375 406.917236328125 510.27947998046875 417.117919921875 428.3055419921875 409.300445556640625 331.386749267578125 321.542510986328125 305.17291259765625 343.790802001953125 373.382080078125 498.77154541015625 536.21881103515625 531.12017822265625 527.8021240234375 526.181396484375 493.236968994140625 466.2247314453125 455.350921630859375 457.36846923828125 430.2720947265625 464.1575927734375 427.451812744140625 372.355438232421875 409.11846923828125 348.3662109375 362.05950927734375 378.0396728515625 402.025543212890625 424.9075927734375 426.109405517578125 434.951812744140625 437.384368896484375 402.4444580078125 364.66552734375 362.7738037109375 367.23980712890625 388.713165283203125
390.722991943359375 306.680267333984375 301.73980712890625 410.8599853515625 441.9110107421875 317.5396728515625 408.563507080078125 467.806121826171875 436.42913818359375 377.318023681640625 374.583892822265625 321.87689208984375 260.2279052734375 306.965972900390625 380.625274658203125 468.490936279296875 443.068023681640625 515.632080078125 542.86737060546875 525.6558837890625 522.899658203125 500.2596435546875 473.02728271484375 468.28741455078125 456.404205322265625 444.498291015625 461.96087646484375 409.11395263671875 374.682525634765625 371.766448974609375 353.37188720703125 346.94049072265625 360.609405517578125 399.880950927734375 410.929718017578125 418.28118896484375 393.79931640625 407.9761962890625 374.394561767578125 342.16949462890625 347.251129150390625 357.702392578125 383.02606201171875
370.73468017578125 274.923919677734375 404.28106689453125 426.34552001953125 401.517425537109375 315.12310791015625 416.6602783203125 433.502899169921875 369.647491455078125 379.081298828125 347.174224853515625 289.995849609375 355.34783935546875 454.5069580078125 475.1817626953125 511.438446044921875 448.98199462890625 552.06329345703125 548.14984130859375 519.47271728515625 503.706146240234375 478.853668212890625 460.756683349609375 462.07086181640625 467.59698486328125 458.64111328125 456.8902587890625 429.743896484375 377.713714599609375 362.05169677734375 364.03485107421875 340.214874267578125 357.57086181640625 362.632354736328125 385.09698486328125 409.3995361328125 371.9378662109375 372.54412841796875 382.6986083984375 349.047027587890625 343.80255126953125 351.531951904296875 363.19744873046875
318.8060302734375 281.399078369140625 447.757354736328125 405.896820068359375 334.392852783203125 308.033447265625 427.3406982421875 430.00396728515625 354.0606689453125 413.71258544921875 367.591827392578125 271.4761962890625 356.83050537109375 356.943878173828125 485.97845458984375 564.4217529296875 553.37982177734375 556.13262939453125 529.33050537109375 509.27606201171875 488.566314697265625 497.680267333984375 485.450653076171875 470.034027099609375 457.975067138671875 460.11053466796875 442.684814453125 413.324249267578125 400.1575927734375 395.748291015625 372.93707275390625 349.017578125 380.98468017578125 391.629486083984375 407.8441162109375 396.081634521484375 346.634918212890625 352.516998291015625 372.501129150390625 351.587860107421875 327.142852783203125 354.96087646484375 368.32879638671875
259.269439697265625 311.586181640625 437.507354736328125 425.97845458984375 330.969390869140625 271.448974609375 449.920074462890625 439.615081787109375 374.635498046875 317.987518310546875 289.7772216796875 273.33856201171875 288.84466552734375 454.09295654296875 365.87982177734375 476.7913818359375 542.6292724609375 539.78399658203125 516.262451171875 508.682525634765625 514.76416015625 500.40362548828125 505.293853759765625 481.81463623046875 441.587310791015625 454.483551025390625 437.538543701171875 427.2420654296875 418.068023681640625 388.6593017578125 355.88037109375 382.24774169921875 385.141143798828125 402.323455810546875 412.264739990234375 374.900787353515625 331.250579833984375 343.2086181640625 352.216552734375 364.063507080078125 336.9427490234375 344.370758056640625 358.767578125
273.692230224609375 288.682525634765625 420.688201904296875 449.84808349609375 380.510772705078125 255.981292724609375 422.462005615234375 421.520416259765625 324.475067138671875 316.9075927734375 285.84808349609375 220.27874755859375 330.92742919921875 502.48980712890625 491.366790771484375 417.595245361328125 439.69842529296875 491.7069091796875 510.445587158203125 532.727294921875 520.938232421875 494.67742919921875 500.322296142578125 467.98583984375 432.34808349609375 445.496612548828125 436.955780029296875 432.579925537109375 397.152496337890625 361.608856201171875 346.782867431640625 365.292510986328125 366.634368896484375 380.397796630859375 385.08502197265625 367.032318115234375 343.126983642578125 328.95465087890625 351.903076171875 364.207489013671875 333.609405517578125 317.13946533203125 336.134918212890625
302.720672607421875 247.902496337890625 391.270416259765625 467.481292724609375 423.69049072265625 271.192169189453125 356.522674560546875 239.7182464599609375 225.1213226318359375 255.0929718017578125 299.4189453125 369.01568603515625 333.02154541015625 387.387176513671875 481.442169189453125 548.69952392578125 541.14227294921875 524.41156005859375 519.5 530.75 500.160430908203125 486.56292724609375 490.06329345703125 437.193878173828125 422.233551025390625 424.492645263671875 419.06463623046875 397.78741455078125 405.09014892578125 357.267578125 327.845794677734375 349.633209228515625 357.8599853515625 354.337982177734375 335.57708740234375 362.959747314453125 354.28741455078125 315.98016357421875 346.790802001953125 349.765869140625 341.96087646484375 323.205780029296875 321.1417236328125
252.5116119384765625 290.3441162109375 448.902496337890625 386.71429443359375 323.7437744140625 255.615081787109375 278.52606201171875 164.422332763671875 354.399658203125 478.471099853515625 513.6927490234375 525.3826904296875 447.78912353515625 493.089569091796875 437.024383544921875 546.4268798828125 559.6162109375 544.21258544921875 515.29534912109375 500.1513671875 481.083892822265625 452.394561767578125 470.1434326171875 456.365631103515625 407.3106689453125 399.361114501953125 397.38946533203125 389.93536376953125 383.748870849609375 390.9189453125 339.77154541015625 328.120758056640625 336.552154541015625 350.64691162109375 332.126983642578125 340.149078369140625 346.347503662109375 325.503387451171875 323.93310546875 342.91156005859375 335.3900146484375 315.41552734375 306.500579833984375
222.1962890625 353.202392578125 446.821441650390625 390.729034423828125 260.134368896484375 183.9659881591796875 145.12811279296875 179.5153045654296875 280.213714599609375 457.373016357421875 501.074249267578125 520.33740234375 507.846923828125 526.15362548828125 506.67120361328125 521.89227294921875 544.3724365234375 523.0379638671875 516.2703857421875 480.21429443359375 443.69671630859375 439.595245361328125 454.65911865234375 411.57086181640625 365.249420166015625 378.21429443359375 386.58673095703125 382.80499267578125 360.353179931640625 351.16778564453125 333.45123291015625 305.54876708984375 319.475616455078125 335.055755615234375 321.20465087890625 327.48016357421875 332.682525634765625 329.1275634765625 320.666656494140625 320.772674560546875 323.12811279296875 304.2103271484375 303.62640380859375
230.322296142578125 226.1048736572265625 316.1275634765625 264.087310791015625 176.9512481689453125 258.263031005859375 212.763031005859375 213.6065826416015625 293.091827392578125 335.92120361328125 447.717132568359375 498.06097412109375 500.36395263671875 511.721649169921875 484.654205322265625 511.83221435546875 521.53173828125 496.396820068359375 472.310089111328125 426.36053466796875 386.1927490234375 399.2069091796875 394.659698486328125 382.473358154296875 353.431396484375 379.9937744140625 373.892852783203125 382.587860107421875 371.313507080078125 369.154754638671875 324.54876708984375 316.4903564453125 317.963714599609375 327.814178466796875 317.040252685546875 323.6513671875 333.678009033203125 308.533447265625 327.813507080078125 325.33673095703125 299.583343505859375 287.248291015625 305.0220947265625
169.45703125 155.2012481689453125 212.668365478515625 252.4920654296875 279.6893310546875 298.815185546875 353.2755126953125 334.170074462890625 195.727325439453125 427.90985107421875 445.751129150390625 471.811279296875 490.4093017578125 491.7403564453125 450.644561767578125 483.0430908203125 486.303863525390625 453.9761962890625 438.1065673828125 396.528900146484375 373.783447265625 385.31915283203125 386.297332763671875 373.201812744140625 340.2086181640625 360.475616455078125 363.55950927734375 360.0941162109375 338.437652587890625 332.534576416015625 317.99603271484375 300.794219970703125 301.843536376953125 332.993621826171875 319.78118896484375 312.509063720703125 331.463714599609375 305.91326904296875 323.370758056640625 298.57708740234375 284.21087646484375 306.333343505859375 318.1610107421875
185.0540008544921875 210.524383544921875 270.324249267578125 371.846923828125 330.34466552734375 318.418365478515625 492.975067138671875 399.83502197265625 182.8361663818359375 350.755096435546875 466.18310546875 481.8902587890625 480.39569091796875 464.148529052734375 429.87359619140625 445.09295654296875 433.70123291015625 391.2562255859375 400.833343505859375 363.95294189453125 353.2103271484375 357.783447265625 351.12078857421875 355.50225830078125 332.825408935546875 334.537994384765625 341.790802001953125 351.428558349609375 322.315765380859375 320.135498046875 319.1513671875 325.604888916015625 302.331634521484375 306.5574951171875 292.207489013671875 304.73187255859375 328.466552734375 293.232421875 296.471099853515625 270.442169189453125 316.388336181640625 328.707489013671875 344.424591064453125
198.537750244140625 357.71826171875 432.515869140625 389.341827392578125 300.42120361328125 300.36053466796875 439.7279052734375 392.681976318359375 216.251129150390625 398.94049072265625 414.638336181640625 426.806610107421875 439.914398193359375 413.213165283203125 391.48583984375 382.022674560546875 356.687652587890625 384.158172607421875 368.5413818359375 345.117919921875 325.044219970703125 326.498870849609375 330.84783935546875 328.625274658203125 311.04705810546875 298.150787353515625 329.599212646484375 325.3310546875 317.742645263671875 311.54931640625 340.48980712890625 347.1241455078125 344.39794921875 334.17596435546875 320.636627197265625 274.302154541015625 298.146820068359375 289.5555419921875 275.37982177734375 303.678009033203125 352.1768798828125 370.008514404296875 377.586181640625
284.56988525390625 450.721832275390625 444.3902587890625 380.66607666015625 328.4500732421875 323.40533447265625 423.2032470703125 380.9140625 197.66259765625 236.8896636962890625 183.7125396728515625 292.73052978515625 359.2177734375 348.998260498046875 336.478515625 281.22821044921875 334.07550048828125 355.61614990234375 338.88153076171875 329.0238037109375 317.657958984375 302.348419189453125 329.43426513671875 308.240997314453125 294.428558349609375 302.72357177734375 305.522064208984375 311.4715576171875 297.26422119140625 310.239837646484375 344.553436279296875 324.754364013671875 329.142852783203125 310.691253662109375 315.911163330078125 312.461090087890625 269.25958251953125 259.405914306640625 288.035430908203125 340.5958251953125 367.264801025390625 376.46978759765625 384.313018798828125
347.86468505859375 440.63037109375 422.272674560546875 370.798187255859375 371.23980712890625 358.408721923828125 404.95465087890625 393.8900146484375 356.0062255859375 327.645111083984375 326.629241943359375 177.75726318359375 294.424591064453125 310.64569091796875 263.89794921875 306.83050537109375 336.579925537109375 308.8072509765625 301.284027099609375 307.0986328125 304.557830810546875 294.199554443359375 307.030792236328125 284.1610107421875 304.711456298828125 286.68707275390625 313.44329833984375 312.41949462890625 291.1275634765625 316.692169189453125 328.28570556640625 344.811798095703125 311.3231201171875 292.51104736328125 322.1241455078125 298.636627197265625 262.248291015625 277.70068359375 318.965972900390625 343.347503662109375 353.87359619140625 365.8486328125 364.646820068359375
332.123687744140625 406.614501953125 396.064056396484375 396.01416015625 393.536285400390625 382.63604736328125 366.7947998046875 382.7069091796875 371.491485595703125 355.230712890625 349.06689453125 252.52496337890625 191.5141754150390625 184.589569091796875 282.145111083984375 316.742645263671875 324.487518310546875 302.56463623046875 269.47845458984375 293.45294189453125 291.26361083984375 269.959197998046875 243.0679473876953125 258.71087646484375 267.684234619140625 305.70068359375 316.479034423828125 290.44842529296875 292.827667236328125 312.16552734375 333.75225830078125 345.121307373046875 328.363372802734375 308.261322021484375 306.3917236328125 306.546478271484375 258.575408935546875 291.390594482421875 318.553863525390625 353.684234619140625 356.632659912109375 369.833892822265625 347.40533447265625
