shetran-prepare/prepare/dem_avg_4_sub.asc
ncols        147
nrows        190
xllcorner    3448500.331265599933
yllcorner    5321100.167325999588
cellsize     1000.000000000000
NODATA_value  -9999
[rows 57 to 75 of 190, columns 43 to 85 of 147]
225.3795318603515625 212.1085968017578125 196.8664398193359375 237.842620849609375 258.902435302734375 253.7055816650390625 259.1097412109375 256.16607666015625 260.603363037109375 272.602783203125 260.24853515625 233 222.2154541015625 222.92333984375 225.1869964599609375 222.8565673828125 247.2125396728515625 242.7967529296875 236.7032470703125 223.2392578125 220.8466949462890625 215.5487823486328125 170.5002899169921875 159.200347900390625 178.2084808349609375 190.68408203125 198.4332122802734375 203.0731658935546875 221.416961669921875 229.240997314453125 214.236358642578125 203.095245361328125 206.4465789794921875 200.8316497802734375 193.2119598388671875 191.7717742919921875 192.961090087890625 203.0342559814453125 227.102783203125 252.5882720947265625 285.29095458984375 290.41522216796875 262.857147216796875
240.8612060546875 215.3656463623046875 188.1184844970703125 210.5328826904296875 239.4206390380859375 245.13775634765625 254.43878173828125 248.2749481201171875 254.34466552734375 261.216552734375 251.9897918701171875 240.004058837890625 224.4314117431640625 213.721649169921875 209.5447845458984375 212.5034027099609375 225.103179931640625 231.8089599609375 223.170074462890625 215.33050537109375 234.7454681396484375 201.3934173583984375 177.64111328125 154.420074462890625 172.7800445556640625 195.734130859375 206.7976226806640625 217.640594482421875 235.67913818359375 227.522674560546875 215.032318115234375 235.7250518798828125 234.404754638671875 206.0673675537109375 224.8803863525390625 217.4246063232421875 208.9835662841796875 211.4070281982421875 208.3871917724609375 238.8662109375 265.124725341796875 265.867919921875 245.50396728515625
273.403594970703125 247.0317535400390625 210.8265380859375 198.796478271484375 235.8185882568359375 233.260772705078125 246.278350830078125 236.0782318115234375 251.8854827880859375 250.744903564453125 245.3185882568359375 234.26190185546875 232.4886627197265625 230.25567626953125 231.0566864013671875 232.9461517333984375 234.734130859375 213.3735809326171875 205 206.5861663818359375 214.172332763671875 191.54931640625 175.9210205078125 155.8055572509765625 163.772674560546875 183.920074462890625 208.1417236328125 240.1734619140625 285.68707275390625 285.55950927734375 305.9410400390625 321.318023681640625 288.989227294921875 225.4930267333984375 316.516448974609375 259.6575927734375 259.400787353515625 244.91156005859375 229.681976318359375 217.276641845703125 243.420074462890625 246.538543701171875 252.0164337158203125
245.0319366455078125 223.3242645263671875 207.01361083984375 195.4455718994140625 226.38775634765625 243.49432373046875 235.660430908203125 223.9138336181640625 240.6422882080078125 261.29534912109375 248.5941009521484375 246.3513336181640625 260.02947998046875 246.04534912109375 233.1077117919921875 226.9926300048828125 224.0368499755859375 216.477325439453125 194.31292724609375 196.3282318115234375 195.973358154296875 187.850341796875 177.543548583984375 150.575958251953125 163.506805419921875 183.2131500244140625 219.8265380859375 226.9149627685546875 293.28741455078125 313.792510986328125 267.8486328125 311.207489013671875 305.146820068359375 277.577239990234375 288.98809814453125 321.193878173828125 273.149658203125 245.4461517333984375 236.739227294921875 226.9903564453125 218.134918212890625 232.1400299072265625 251.681976318359375
237.6306610107421875 221.8480682373046875 204.0436553955078125 190.765869140625 234.5419464111328125 242.9433135986328125 217.3225555419921875 222.0912628173828125 238.457489013671875 251.3248291015625 238.8390045166015625 226.718353271484375 233.7052154541015625 234.815185546875 234.74603271484375 223.0753936767578125 219.3497772216796875 214.568023681640625 205.4977264404296875 192.859405517578125 189.1258544921875 177.8577117919921875 168.5470428466796875 154.8333282470703125 168.998870849609375 171.9002227783203125 170.028350830078125 206.5748291015625 248.10260009765625 265.506805419921875 222.64569091796875 216.98638916015625 224.8588409423828125 246.5238037109375 304.867340087890625 290.60260009765625 241.894561767578125 230.66552734375 233.9642791748046875 238.6167755126953125 215.0357208251953125 243.3628082275390625 270.41949462890625
232.115570068359375 216.86395263671875 200.5192718505859375 193.6162109375 218.1400299072265625 224.3004608154296875 227.32086181640625 238.2358245849609375 252.3588409423828125 244.617919921875 226.632659912109375 215.30023193359375 214.07086181640625 228.05499267578125 236.333892822265625 222.7454681396484375 207.6434173583984375 200.420074462890625 216.6009063720703125 212.626983642578125 192.048187255859375 185.8265380859375 167.41754150390625 155.5357208251953125 162.248870849609375 191.0714263916015625 171.068023681640625 194.565185546875 281.469940185546875 222.552154541015625 200.4915008544921875 194.7653045654296875 212.5890045166015625 233.2299652099609375 286.60260009765625 276.80670166015625 244.197845458984375 238.6797027587890625 225.103179931640625 223.5192718505859375 225.3775482177734375 269.03912353515625 291.21484375
217.0946502685546875 219.6354827880859375 208.4455718994140625 188.4030609130859375 215.0906982421875 232.674041748046875 239.5918426513671875 246.786285400390625 260.05670166015625 263.568603515625 247.61224365234375 225.94366455078125 212.83673095703125 220.54705810546875 243.814056396484375 238.4178009033203125 219.347503662109375 196.47052001953125 199.105438232421875 194.7420654296875 195.39569091796875 180.743194580078125 173.3327484130859375 155.329925537109375 163.144561767578125 205.1434173583984375 187.3900299072265625 167.8497772216796875 189.315185546875 194.740936279296875 218.44671630859375 265.48980712890625 277.09014892578125 268.350189208984375 296.7279052734375 268.835601806640625 263.345245361328125 240.51983642578125 229.08843994140625 232.4234619140625 221.9631500244140625 248.5164337158203125 323.95068359375
210.7711944580078125 222.38775634765625 215.014739990234375 193.4404754638671875 204.8741455078125 209.2477264404296875 219.47845458984375 228.457489013671875 246.60430908203125 241.605438232421875 244.1048736572265625 233.859466552734375 212.1411590576171875 225.9858245849609375 234.5924072265625 221.88775634765625 206.6927490234375 203.967681884765625 188.3361663818359375 182.8458099365234375 174.721649169921875 187.79534912109375 181.9088287353515625 157.43310546875 171.461456298828125 247.4671173095703125 239.3350372314453125 184.91156005859375 209.8917236328125 181.8854827880859375 192.792510986328125 204.1581573486328125 217.6303863525390625 225.92333984375 273.816314697265625 296.03515625 275.61962890625 236.2171173095703125 249.565765380859375 243.626983642578125 231.2579345703125 233.83673095703125 297.518707275390625
199.2259063720703125 214.74432373046875 207.91156005859375 195.0209808349609375 214.9586181640625 220.3027191162109375 228.7755126953125 223.2437591552734375 234.4308319091796875 240.7919464111328125 206.097503662109375 206.70440673828125 223.7573699951171875 210.394561767578125 203.37188720703125 191.847503662109375 185.2483062744140625 186.164398193359375 181.134918212890625 174.9404754638671875 190.565765380859375 196.5969390869140625 162.3298492431640625 159.611114501953125 169.532318115234375 189.396820068359375 245.3412628173828125 246.0872955322265625 205.2069091796875 201.67913818359375 194.394561767578125 186.4081573486328125 193.095245361328125 211.3948822021484375 225.3055572509765625 279.213714599609375 276.15704345703125 262.30950927734375 260.46258544921875 253.3707427978515625 245.6479644775390625 251.6666717529296875 264.32257080078125
203.59930419921875 197.2919464111328125 195.5793609619140625 218.2516937255859375 224.166107177734375 225.975616455078125 227.015869140625 238.948974609375 233.1383209228515625 213.243194580078125 201.0623626708984375 193.983734130859375 195.2976226806640625 199.798187255859375 199.5566864013671875 200.240936279296875 199.4648590087890625 190.184814453125 184.1689300537109375 181.759063720703125 185.1286773681640625 187.7811737060546875 156.580718994140625 163.8560028076171875 172.447845458984375 186.40533447265625 199.7732391357421875 274.133209228515625 278.518707275390625 228.3764190673828125 228.4710845947265625 205.882080078125 215.711456298828125 196.064453125 195.176300048828125 217.4767608642578125 230.6167755126953125 222.1048736572265625 271.892303466796875 286.920623779296875 318.516448974609375 298.47222900390625 303.50396728515625
195.1527252197265625 202.66552734375 210.6609954833984375 241.546478271484375 283.26812744140625 257.916656494140625 236.638885498046875 215.91552734375 202.227325439453125 202.7976226806640625 211.3803863525390625 212.4703826904296875 214.1570281982421875 228.867919921875 265.628692626953125 258.29534912109375 235.3917236328125 212.7976226806640625 205.4983062744140625 195.575958251953125 192.2335662841796875 181.7516937255859375 158.0958251953125 171.7227935791015625 177.8134918212890625 209.75567626953125 216.3735809326171875 290.8089599609375 289.945587158203125 231.74432373046875 242.985260009765625 222.154754638671875 216.6984100341796875 223.699188232421875 204.35430908203125 213.255096435546875 218.6252899169921875 250.5413818359375 349.49432373046875 311.064056396484375 348.69671630859375 354.1558837890625 357.266998291015625
207.8066558837890625 208.6730499267578125 231.3112640380859375 285.37921142578125 298.770050048828125 253.39837646484375 229.7915191650390625 215.58477783203125 213.544708251953125 235.9308929443359375 269.24273681640625 270.017852783203125 258.244476318359375 298.101043701171875 293.68408203125 260.461669921875 226.3704986572265625 220.456451416015625 208.2334442138671875 194.8350830078125 171.841461181640625 156.54180908203125 167.2058258056640625 180.1933746337890625 192.1335601806640625 245.3542327880859375 264.379791259765625 295.5145263671875 310.5406494140625 293.87921142578125 266.41754150390625 233.2073211669921875 237.1277618408203125 241.555023193359375 218.9332122802734375 223.544708251953125 228.183502197265625 244.103363037109375 340.220672607421875 347.113250732421875 355.3681640625 356.62542724609375 358.572021484375
216.7067413330078125 217.8786773681640625 236.2579345703125 296.513031005859375 268.4727783203125 231.7800445556640625 223.31689453125 211.5725555419921875 269.871307373046875 305.808380126953125 328.642852783203125 320.016845703125 303.349212646484375 266.774932861328125 224.2159881591796875 210.70465087890625 199.15533447265625 213.18707275390625 203.0368499755859375 166.083892822265625 162.1728973388671875 174.801025390625 178.7717742919921875 195.8027191162109375 225.353179931640625 290.98980712890625 323.854888916015625 325.09014892578125 341.370758056640625 327.079376220703125 351.04364013671875 313.3265380859375 286.06915283203125 281.572021484375 230.95068359375 230.649658203125 241.755096435546875 274.01983642578125 364.5413818359375 421.09014892578125 417.266998291015625 378.08673095703125 421.83673095703125
227.203826904296875 240.306121826171875 279.802154541015625 319.38037109375 285.04931640625 244.1224517822265625 218.3106536865234375 256.241485595703125 310.58673095703125 305.989227294921875 306.248870849609375 270.322296142578125 285.0941162109375 304.400787353515625 235.8979644775390625 217.2477264404296875 199.5527191162109375 191.91156005859375 190.034576416015625 160.7171173095703125 170.5391082763671875 178.599212646484375 194.462249755859375 194.286285400390625 214.1479644775390625 238.296478271484375 268.481292724609375 288.818023681640625 303.24603271484375 310.459747314453125 332.4937744140625 293.292510986328125 302.135498046875 356.366424560546875 312.074249267578125 261.78515625 293.124725341796875 312.215972900390625 391.496612548828125 477.7947998046875 472.67913818359375 426.60205078125 479.19500732421875
263.605682373046875 291.45123291015625 332.36962890625 297.113372802734375 268.9603271484375 230.565765380859375 239.01361083984375 311.113372802734375 311.086181640625 256.089569091796875 234.3979644775390625 231.4076690673828125 238.9903564453125 222.48016357421875 222.7375335693359375 222.3741455078125 217.7817535400390625 212.4994354248046875 202.66949462890625 168.6814117431640625 178.3429718017578125 195.1502227783203125 239.5487823486328125 231.9688262939453125 213.43707275390625 221.796478271484375 243.7278900146484375 275.831634521484375 273.992645263671875 306.94500732421875 305.9761962890625 263.56915283203125 313.07879638671875 337.058074951171875 362.91156005859375 332.142303466796875 383.167236328125 425.58843994140625 438.40362548828125 491.88946533203125 504.653076171875 496.13037109375 495.86395263671875
327.6219482421875 329.64739990234375 321.910430908203125 290.513031005859375 265.57708740234375 248.87811279296875 273.983001708984375 297.5238037109375 264.532867431640625 224.573699951171875 227.869049072265625 222.303131103515625 209.013031005859375 214.924041748046875 219.140594482421875 225.77154541015625 215.869049072265625 225.443878173828125 218.6116790771484375 196.0578155517578125 170.7335662841796875 192.08843994140625 223.3943023681640625 255.693878173828125 249.528350830078125 264.745452880859375 284.965423583984375 261.80950927734375 253.3922882080078125 266.736968994140625 273.885498046875 253.2998809814453125 288.917236328125 324.525543212890625 354.92742919921875 382.4937744140625 412.60601806640625 468.695587158203125 466.741485595703125 474.646270751953125 481.41949462890625 515.95184326171875 488.48468017578125
313.045867919921875 316.358856201171875 294.095245361328125 273.41778564453125 275.028900146484375 281.033447265625 283.16778564453125 268.9761962890625 236.5170135498046875 211.9977264404296875 206.0810699462890625 217.5133514404296875 208.1502227783203125 195.3537445068359375 215.107147216796875 205.2108917236328125 221.8599700927734375 225.134918212890625 181.3815155029296875 172.3917236328125 180.9314117431640625 206.50396728515625 219.2450714111328125 261.284027099609375 276.876983642578125 287.19842529296875 260.624725341796875 250.9983062744140625 253.861114501953125 253.3775482177734375 256.670623779296875 263.847503662109375 320.9234619140625 341.35308837890625 375.642852783203125 420.04364013671875 456.02947998046875 470.857147216796875 446.3389892578125 453.729034423828125 495.41552734375 515.353759765625 516.14117431640625
285.11383056640625 278.744903564453125 276.986968994140625 240.461456298828125 275.556121826171875 259.605438232421875 248.1145172119140625 222.3406982421875 213.7749481201171875 202.3628082275390625 196.1286773681640625 191.31591796875 192.784576416015625 183.6167755126953125 192.5022735595703125 200.26983642578125 205.6088409423828125 190.969390869140625 184.319732666015625 170.2692718505859375 174.339569091796875 223.235260009765625 230.7799072265625 239.7335662841796875 271.396270751953125 270.56689453125 257.22222900390625 244.272674560546875 248.6462554931640625 243.7653045654296875 268.97845458984375 324.91778564453125 383.565185546875 375.207305908203125 359.450103759765625 383.75225830078125 446.482421875 491.56292724609375 475.013031005859375 431.083343505859375 452.4920654296875 492.563507080078125 527.14453125
283.4976806640625 252.315765380859375 233.2267608642578125 235.032318115234375 240.25396728515625 221.703521728515625 214.8815155029296875 218.5958099365234375 208.05499267578125 208.2840118408203125 210.9727935791015625 217.398956298828125 206.046478271484375 199.2641754150390625 200.9790191650390625 201.73016357421875 227.0062408447265625 225.5912628173828125 175.759063720703125 191.345245361328125 188.4030609130859375 206.0595245361328125 236.578399658203125 235.9058990478515625 252.6734619140625 247.77154541015625 244.2505645751953125 236.081634521484375 232.5096435546875 255.3775482177734375 291.091827392578125 306.05157470703125 362.6513671875 317.199188232421875 355.315185546875 413.711456298828125 443.211456298828125 454.790252685546875 495.71087646484375 432.0430908203125 449.78570556640625 445.806121826171875 491.87982177734375
