Shetran-prepare/examples/dano100m-withdates/dem_100.txt
ncols         183
nrows         180
xllcorner     487051.08287203
yllcorner     1224163.3322861
cellsize      100
NODATA_value  -9999
[rows 0 to 41 of 180, columns 0 to 93 of 183]
340 339 338 336 335 336 337 341 344 348 349 351 352 351 347 343 341 339 337 334 323 322 320 318 317 317 318 319 317 318 320 318 316 317 315 315 312 311 310 310 309 307 307 308 308 309 310 310 310 309 307 307 304 302 301 302 300 298 296 296 293 291 291 290 289 289 291 292 292 291 293 293 294 294 292 290 288 286 285 286 285 283 282 284 284 285 278 278 281 281 279 277 276 275
343 341 340 339 338 339 341 344 346 348 349 353 355 353 350 347 343 340 337 333 328 326 323 322 322 321 321 322 320 319 319 318 318 318 315 314 313 313 314 313 312 310 310 310 311 313 315 313 313 312 312 312 309 304 304 304 302 300 297 296 296 295 296 295 294 293 293 293 294 294 294 295 297 297 296 294 293 292 291 289 287 286 286 287 285 282 283 282 281 280 279 277 277 278
346 343 341 341 340 339 340 343 344 344 346 351 355 354 351 348 345 341 338 335 330 329 327 325 325 325 324 324 320 320 320 318 319 318 315 315 316 316 316 315 314 312 313 313 314 315 317 318 319 320 316 313 310 306 306 304 301 301 299 299 298 297 296 296 296 297 298 296 295 296 296 296 297 296 296 295 293 292 291 291 290 289 288 289 288 286 284 284 283 281 280 280 280 282
350 345 342 342 340 339 340 341 342 343 343 346 350 353 352 349 346 343 339 336 330 329 328 328 329 329 328 329 324 322 320 318 320 319 319 320 318 317 317 316 314 314 313 313 315 317 320 322 324 324 320 314 311 308 307 304 301 300 301 300 298 298 298 298 299 300 299 298 298 299 299 298 298 297 297 297 297 295 293 293 293 292 290 290 289 287 285 286 287 284 285 286 283 280
350 345 342 341 338 337 337 338 339 341 342 343 347 352 353 350 347 343 340 338 329 327 325 325 326 325 324 327 326 323 321 318 318 320 320 320 319 317 317 317 317 316 315 315 317 318 321 323 323 322 318 314 312 310 307 305 303 303 302 303 299 298 298 299 300 300 299 298 299 300 301 300 300 299 299 298 298 296 294 294 295 294 292 291 290 290 289 288 287 286 284 283 283 282
348 344 341 339 337 335 335 336 337 339 340 341 344 351 353 348 343 340 339 338 329 325 324 324 324 322 322 324 324 322 321 318 317 322 323 322 321 320 319 318 316 316 316 318 320 321 322 320 319 321 317 315 313 313 309 305 307 307 305 306 302 301 300 301 302 302 302 301 300 301 302 302 302 302 301 300 298 296 295 296 296 292 291 291 292 292 292 289 287 285 284 284 284 283
350 345 341 338 336 334 334 336 337 337 338 339 343 349 350 345 340 337 335 336 327 324 322 323 322 320 320 320 321 319 317 317 317 322 323 325 323 320 319 316 314 316 319 321 322 322 320 317 317 319 317 315 313 311 311 310 309 308 307 305 304 303 302 303 304 305 305 303 303 303 303 304 304 304 302 300 300 299 298 298 297 294 294 294 293 293 291 289 287 286 287 287 285 283
347 343 340 337 334 333 332 334 335 335 337 338 341 346 346 342 338 335 333 332 327 324 322 322 321 320 320 319 319 317 316 316 317 320 322 324 322 319 316 314 314 316 319 320 319 319 316 314 316 317 315 313 314 312 312 314 311 311 308 307 306 305 304 304 306 307 305 304 304 304 304 304 305 304 303 302 302 301 299 299 298 297 296 296 295 294 294 291 288 288 288 287 286 285
339 338 338 335 334 333 332 333 334 335 336 337 341 343 341 338 336 334 332 331 329 327 324 324 322 320 319 318 318 315 314 313 315 319 319 319 318 317 313 311 313 314 315 317 316 315 314 312 313 314 314 314 313 313 313 315 313 310 308 307 309 308 307 307 308 308 307 307 307 306 307 308 308 306 304 303 303 302 300 301 300 298 298 299 299 299 296 292 290 289 287 287 288 288
333 333 335 334 333 332 331 331 332 334 335 336 339 340 338 336 334 334 335 335 334 333 330 327 325 321 318 317 318 314 311 311 313 316 316 314 313 314 312 310 311 311 311 313 312 312 314 312 311 313 314 314 311 311 312 315 313 310 310 308 310 309 309 311 312 312 310 311 310 310 311 311 310 308 307 306 304 303 303 303 302 300 301 301 302 302 296 292 290 290 289 288 290 290
329 331 333 333 332 332 331 329 330 331 332 333 333 333 333 335 336 337 339 341 339 336 332 328 325 321 318 316 315 313 311 310 310 312 311 310 311 311 311 309 309 309 309 308 307 308 312 309 309 311 311 312 310 307 309 314 313 310 311 309 311 312 312 313 314 313 313 313 312 312 312 311 311 309 308 307 305 304 304 303 302 302 303 303 303 303 298 294 293 292 290 289 290 290
326 329 331 331 332 331 330 329 328 329 330 331 330 329 332 336 340 343 345 347 341 338 334 329 324 320 317 314 313 311 310 309 308 307 307 307 308 308 307 306 305 305 306 305 305 307 309 306 305 306 308 308 306 305 308 311 309 307 309 308 311 313 314 314 315 315 315 314 314 312 312 311 311 309 307 306 305 306 306 304 303 304 305 306 306 306 300 296 294 292 290 291 291 290
325 327 329 329 329 329 329 327 326 326 327 328 328 328 331 336 342 346 349 349 343 340 336 332 327 320 318 315 312 310 309 308 306 305 305 304 304 304 304 303 302 303 304 303 302 303 305 304 302 302 304 303 303 305 306 306 305 305 307 308 311 314 314 315 318 318 317 316 316 314 313 313 312 310 308 307 306 307 308 307 307 307 308 309 311 309 301 298 296 294 292 291 291 291
325 326 327 327 328 329 328 326 325 325 325 326 327 328 330 333 338 341 344 346 345 341 337 334 329 324 320 315 311 308 307 306 305 304 304 304 302 302 302 302 302 302 303 302 300 301 300 301 301 300 301 302 302 304 303 302 303 306 307 309 309 312 315 317 319 320 319 318 318 317 315 314 313 311 309 308 308 308 309 309 310 312 313 313 314 310 301 299 297 296 295 293 292 292
321 321 322 324 326 327 328 327 325 325 324 324 323 325 327 329 331 331 331 333 344 344 342 338 337 333 324 314 310 308 305 304 304 304 304 303 303 304 303 305 304 302 302 303 301 299 297 298 299 299 299 300 298 299 299 299 299 302 302 304 306 307 312 316 319 321 322 321 321 319 317 316 314 311 310 312 313 313 313 314 316 319 321 320 315 310 302 299 298 297 296 295 295 294
318 319 322 324 326 328 329 329 326 325 324 323 322 323 324 326 328 328 328 329 336 340 343 342 339 331 322 313 309 306 304 304 304 307 307 305 304 306 307 308 306 304 305 306 303 300 297 297 297 297 296 297 297 298 298 298 297 299 300 303 305 308 312 316 320 321 321 321 321 320 319 318 315 313 312 313 315 316 317 318 319 321 322 319 314 310 302 299 297 297 297 296 296 296
317 320 324 326 328 330 332 331 328 327 326 323 322 321 322 323 325 326 325 326 329 333 342 345 339 328 319 311 306 305 306 306 305 310 310 308 306 308 309 309 306 305 308 309 308 304 298 297 295 295 294 295 296 296 297 296 295 297 300 302 306 308 313 318 320 320 319 319 318 318 319 319 317 315 314 314 317 319 320 320 321 322 321 316 311 309 303 300 299 299 299 298 297 297
316 320 325 329 331 333 334 332 330 328 326 324 322 320 319 321 323 323 323 323 325 328 337 343 333 323 317 309 305 307 308 309 309 312 311 311 310 310 311 311 310 308 310 311 311 308 301 299 297 297 294 295 295 295 295 294 293 296 299 300 305 306 311 316 319 320 319 317 316 316 318 318 318 316 315 316 317 320 320 319 319 319 318 312 308 306 303 302 301 301 301 300 299 298
316 320 325 329 331 334 336 332 331 329 327 324 322 319 317 318 319 320 321 321 323 325 331 336 326 318 315 312 309 311 310 310 312 314 315 315 314 313 312 312 311 310 312 313 313 311 304 301 299 299 296 294 294 295 295 293 293 295 299 299 304 305 309 313 318 319 319 317 315 315 317 317 316 317 317 318 319 320 320 318 315 313 312 308 306 304 302 302 303 303 302 301 299 298
316 318 323 328 331 334 338 333 332 330 328 325 323 321 318 316 316 318 319 319 320 321 324 325 319 316 313 313 313 314 314 315 315 318 320 320 321 319 317 316 313 312 312 314 315 314 306 303 300 298 296 294 293 294 293 293 293 295 299 298 303 305 306 310 315 316 316 315 313 313 315 316 316 317 318 319 320 320 319 317 313 311 308 306 304 302 301 301 303 304 303 301 298 295
316 319 323 327 330 334 340 336 334 332 330 327 325 322 319 317 315 316 316 316 317 317 318 318 315 314 313 313 315 317 319 322 324 322 324 325 326 324 321 320 317 315 315 315 316 315 306 305 301 298 295 294 293 292 291 294 294 297 298 298 302 303 305 307 311 313 314 313 311 310 313 314 314 316 318 319 320 320 319 318 315 311 307 304 303 303 299 300 301 302 302 300 295 293
316 318 323 327 330 335 343 341 337 335 332 329 326 324 321 319 317 315 314 314 314 314 315 314 313 313 314 316 320 321 325 334 335 330 329 329 329 328 325 323 320 317 317 317 316 313 306 306 302 298 295 294 292 291 291 293 293 297 297 297 301 302 303 306 309 311 312 311 309 309 311 312 312 316 318 318 318 318 319 319 316 312 308 305 302 302 299 300 302 302 300 299 294 290
316 318 322 325 329 334 344 344 340 338 335 332 329 326 324 321 319 317 314 313 313 313 313 313 313 313 316 322 326 326 332 339 340 334 332 331 330 329 326 322 320 318 317 317 315 313 307 306 302 299 296 295 294 290 291 292 292 295 296 297 299 301 303 305 307 308 309 308 307 308 310 310 311 315 317 318 317 317 317 317 315 314 311 307 303 300 298 300 302 301 299 297 293 290
317 319 320 324 327 330 339 343 341 343 342 338 333 329 325 323 321 318 315 313 313 313 313 313 313 315 320 328 331 332 337 342 341 336 334 332 330 328 325 322 320 318 316 315 314 313 308 306 301 298 295 295 295 291 290 290 291 292 295 296 299 299 301 303 305 306 305 305 305 307 309 310 311 315 317 317 316 315 315 315 314 314 313 309 305 302 298 297 299 298 297 295 292 290
317 317 319 322 325 327 331 337 339 346 349 343 335 330 325 323 321 319 316 314 313 313 313 313 315 318 323 331 336 339 342 343 341 338 336 333 330 328 326 324 321 318 316 315 313 312 306 304 302 298 297 296 296 291 289 289 290 290 293 293 296 297 299 301 303 304 304 304 305 307 308 309 310 315 317 316 315 314 312 311 310 312 313 310 306 302 298 297 295 294 294 293 290 288
316 317 318 320 323 325 327 332 335 342 347 344 336 330 326 324 321 319 317 316 314 314 313 314 316 321 326 332 340 344 345 343 342 338 336 335 332 329 325 323 321 318 316 314 312 311 305 303 301 299 297 296 295 291 289 289 290 291 290 292 295 296 298 300 301 302 303 304 306 307 308 310 312 315 317 316 314 312 310 308 307 308 310 309 305 300 298 297 294 292 292 292 289 287
316 317 318 318 321 323 326 332 334 339 342 342 337 331 327 325 322 321 320 318 315 314 313 314 318 323 327 332 340 345 345 342 342 339 337 336 333 328 324 321 319 316 314 313 311 309 303 300 299 299 296 294 292 291 290 289 289 289 289 292 293 295 296 297 297 299 302 304 307 308 309 311 313 315 317 316 313 310 308 306 305 304 305 306 303 298 296 295 293 291 290 290 288 287
315 317 318 319 320 323 326 336 338 339 340 340 337 334 330 328 326 325 323 322 317 315 315 314 318 322 326 331 339 345 344 342 340 336 334 332 330 329 326 319 315 312 310 308 305 303 301 300 296 294 293 293 292 293 293 293 289 289 289 290 291 291 293 295 296 296 299 303 306 307 309 309 310 311 309 308 309 307 305 302 299 297 297 298 300 298 294 293 292 292 292 291 290 288
315 316 316 317 319 322 326 336 337 339 341 342 339 335 333 330 329 326 324 322 318 316 316 315 317 323 328 330 336 343 344 342 339 336 334 332 330 329 325 319 313 311 309 306 303 301 301 298 295 293 295 294 294 294 294 292 291 289 289 289 290 291 293 295 296 296 298 302 304 306 308 309 309 307 306 305 305 303 303 302 300 298 296 297 300 300 295 292 292 293 293 292 291 289
314 315 315 316 318 322 326 335 337 338 340 342 341 338 336 333 331 329 327 326 321 319 317 316 318 324 328 329 333 340 344 343 341 336 333 331 329 327 321 315 309 308 307 305 302 301 298 297 296 295 297 298 297 295 296 293 291 291 289 289 290 291 292 294 294 295 298 302 303 304 305 306 306 305 304 302 300 299 301 304 302 300 296 295 297 297 293 291 291 292 293 292 291 288
314 315 316 317 319 322 325 332 334 336 338 340 341 341 339 337 334 331 329 328 324 323 319 317 319 323 326 328 331 338 344 344 341 336 333 329 327 323 316 310 306 305 304 303 300 299 297 298 299 298 299 301 299 297 297 294 292 292 290 289 290 292 292 292 292 294 298 302 303 303 303 303 303 303 302 300 298 296 298 301 301 300 297 293 293 292 291 289 289 290 290 290 289 287
314 315 315 317 319 321 324 330 332 334 337 340 343 345 346 344 338 334 330 328 325 324 322 320 319 322 324 327 331 338 345 344 341 336 332 327 322 317 312 308 305 303 302 300 299 298 297 298 300 300 302 304 301 300 296 293 293 290 291 291 289 288 289 291 292 294 298 300 302 302 302 301 301 302 302 300 297 295 297 298 298 296 294 292 292 291 288 288 288 289 289 290 289 288
315 315 316 317 319 320 324 330 331 334 337 343 351 359 360 353 344 337 332 330 326 325 324 322 320 321 323 325 329 337 344 343 340 335 331 325 319 312 309 306 304 302 301 300 299 299 300 301 302 303 305 307 307 304 298 294 294 290 291 290 286 286 288 291 292 295 297 298 299 300 300 299 300 306 306 301 297 295 296 296 295 293 290 290 290 290 286 285 286 288 288 290 289 288
318 316 316 318 320 322 325 331 334 336 340 349 363 375 375 362 349 342 336 332 328 326 325 324 322 321 321 322 324 329 336 340 340 334 331 326 319 311 307 305 303 302 302 302 301 302 303 305 305 307 309 308 309 307 304 297 294 291 290 288 285 286 289 291 291 294 296 297 298 298 299 298 298 309 311 303 297 295 295 294 292 290 287 288 289 288 284 284 285 286 287 288 288 288
320 317 316 319 322 324 327 333 336 339 344 355 371 385 384 371 358 348 341 336 330 328 326 325 323 321 321 321 321 322 327 332 336 333 330 327 322 313 306 304 303 303 304 305 305 305 307 308 309 311 312 309 308 306 306 300 296 292 291 288 285 285 287 288 290 292 294 295 296 296 296 295 295 303 306 299 294 292 292 292 292 290 286 286 286 286 284 284 286 286 286 287 287 287
323 320 318 320 323 326 328 335 338 341 347 357 371 383 388 382 370 357 347 340 332 330 328 325 324 321 321 321 321 321 321 324 327 327 324 323 320 312 306 304 303 304 305 307 309 310 311 311 311 312 311 309 307 306 306 301 296 292 291 288 284 285 285 285 287 289 292 293 294 294 294 292 291 293 295 292 290 289 290 290 290 289 287 285 283 284 283 284 284 284 285 285 285 285
326 323 321 322 324 327 330 338 341 344 350 357 367 378 390 394 385 370 355 345 334 331 329 325 324 321 321 321 321 321 321 321 322 317 316 315 313 309 305 305 305 306 308 310 312 313 314 313 311 310 309 307 306 305 303 299 296 293 291 290 285 284 284 284 286 288 290 291 292 292 293 292 290 288 289 289 288 287 287 287 287 286 284 284 282 282 282 283 283 283 283 284 284 284
329 325 322 323 325 328 331 340 344 349 354 360 365 374 387 397 393 379 362 347 335 333 330 326 324 322 321 321 321 321 321 326 330 316 314 311 308 307 306 307 309 309 311 313 315 316 314 313 309 308 308 306 304 303 301 298 297 295 292 290 287 286 285 283 285 286 287 288 290 290 291 291 290 287 286 286 285 285 284 283 284 284 283 283 281 281 282 282 282 282 282 283 283 282
330 325 322 323 327 331 336 346 351 356 363 371 375 377 386 395 392 379 363 349 336 333 331 327 326 323 321 321 321 321 323 334 340 327 321 314 310 307 308 310 314 315 315 316 317 317 314 312 308 307 306 306 302 301 299 297 297 294 292 291 287 287 285 283 282 283 284 286 288 289 289 289 289 285 285 285 285 284 283 283 283 282 282 282 280 281 282 281 281 281 281 281 281 281
330 326 324 324 329 337 346 356 360 364 373 387 394 393 396 397 386 372 360 350 336 334 332 330 327 324 321 321 321 321 324 336 343 335 327 316 311 309 312 317 321 322 321 320 320 319 314 311 309 306 304 304 302 299 298 298 296 293 291 292 288 287 285 283 282 282 282 284 286 287 287 286 286 285 286 286 285 283 282 283 282 280 280 281 280 280 280 280 279 279 279 279 279 279
334 332 330 330 332 339 348 369 372 376 387 402 413 416 415 410 398 384 373 358 342 340 336 332 330 326 323 322 321 321 324 331 340 332 321 315 319 323 326 328 327 326 325 325 324 321 315 312 312 311 305 302 301 301 300 297 296 294 293 291 289 288 286 285 283 282 282 282 282 283 283 283 283 283 283 282 283 284 282 281 279 279 279 280 280 279 278 278 278 278 278 278 278 278
337 334 332 332 332 337 345 366 371 377 388 398 403 402 402 401 399 392 382 365 348 348 342 336 331 327 326 323 321 321 325 328 333 324 319 322 328 330 332 331 329 327 326 326 323 320 316 314 315 313 306 305 305 304 303 300 297 292 291 290 290 288 286 286 284 283 282 282 282 282 282 282 282 281 280 280 282 282 281 280 278 279 279 277 278 278 277 277 278 278 278 278 278 277
