Shetran-prepare/examples/dano100m-withdates/dem_100.txt
ncols         183
nrows         180
xllcorner     487051.08287203
yllcorner     1224163.3322861
cellsize      100
NODATA_value  -9999
[rows 42 to 83 of 180, columns 0 to 93 of 183]
337 334 332 331 332 337 343 359 364 371 380 386 387 383 385 393 399 393 379 365 358 358 351 341 334 330 327 325 322 323 325 324 324 320 325 332 335 334 335 332 330 328 327 326 321 320 318 316 317 314 308 307 307 306 305 302 295 291 290 290 290 288 287 287 286 285 283 282 282 282 282 282 283 280 279 280 282 282 281 279 277 278 277 275 276 276 276 276 277 278 277 276 276 275
337 332 330 329 330 332 336 349 354 360 366 370 371 371 378 395 401 390 376 367 361 358 349 340 336 332 327 326 325 327 328 326 324 323 334 339 338 337 336 333 330 328 327 326 322 320 320 317 316 310 305 306 306 304 304 300 295 291 290 290 291 289 288 289 288 286 283 282 282 282 282 282 282 279 278 279 279 280 279 278 277 277 276 274 275 275 275 276 275 274 274 274 274 274
341 333 329 327 327 328 330 340 345 350 354 357 360 364 375 391 398 393 385 380 364 353 344 338 336 332 330 327 329 332 333 337 333 329 342 342 340 339 337 334 331 328 327 327 324 320 319 317 312 305 302 304 303 300 299 297 295 292 291 292 291 290 289 289 288 286 283 282 282 282 282 282 281 280 279 278 278 277 277 276 275 275 275 275 274 274 274 275 273 272 273 273 272 272
350 338 330 325 324 326 328 336 339 343 347 353 360 366 375 387 397 401 399 390 366 355 345 339 336 334 331 328 330 336 342 345 335 336 345 344 342 340 338 335 333 329 327 326 324 321 318 314 306 302 302 301 300 299 296 296 296 294 292 292 289 289 288 288 287 284 283 282 282 282 282 282 281 282 282 280 278 276 276 275 276 276 276 276 274 274 273 273 272 272 273 272 271 271
360 352 339 326 322 325 328 335 337 340 346 355 363 371 380 392 399 398 390 381 361 353 345 340 336 332 330 329 330 337 346 339 330 343 346 345 344 341 339 336 335 332 327 324 321 320 313 307 303 301 301 300 300 297 296 295 297 296 294 292 288 289 288 287 286 286 285 282 282 283 283 282 282 285 284 281 278 276 275 276 277 276 277 279 277 275 274 272 271 271 272 272 271 271
360 357 343 327 321 323 328 334 337 339 344 352 360 367 376 390 394 383 372 365 355 350 343 338 334 331 329 329 329 333 335 330 331 349 349 346 344 342 340 337 334 330 323 318 314 314 307 304 305 302 300 300 301 297 293 294 294 293 294 293 290 287 287 287 287 287 285 285 285 284 285 286 285 285 283 279 277 275 276 277 277 278 279 278 277 276 275 273 271 271 271 271 271 271
341 338 329 321 319 323 327 334 337 339 343 347 353 362 376 386 383 371 359 354 350 347 341 337 333 331 329 329 329 329 329 331 341 351 349 345 343 341 340 337 333 328 323 319 315 311 305 305 304 301 302 301 302 299 295 292 292 292 294 293 293 288 289 289 289 289 288 288 287 286 286 286 286 286 282 278 276 277 278 279 281 281 280 278 277 275 274 273 271 271 271 271 271 271
323 322 319 318 320 324 327 335 338 340 342 344 349 362 379 383 376 365 354 349 345 343 339 336 333 331 330 329 329 331 339 347 352 354 350 345 343 342 340 338 334 331 328 326 322 316 305 305 305 305 305 302 299 298 295 294 292 293 292 293 294 290 289 289 289 289 290 291 289 287 286 286 286 285 282 278 277 280 281 281 281 280 279 277 275 274 274 273 272 272 272 271 271 271
318 317 316 318 321 324 327 333 336 339 343 346 349 357 372 378 370 359 351 346 341 339 337 335 332 331 329 329 333 343 354 357 356 354 351 349 346 344 341 338 335 333 331 329 325 316 304 304 304 304 305 301 298 298 296 295 294 295 293 292 292 290 291 291 290 290 292 291 290 289 287 287 287 283 281 279 278 279 281 281 280 280 280 278 276 275 274 274 272 272 272 271 273 273
314 313 315 319 321 325 327 333 340 351 364 368 364 364 369 372 365 355 349 347 341 339 336 335 333 332 330 329 333 350 360 361 360 355 353 351 349 346 342 338 336 335 331 328 319 310 303 302 302 302 302 298 296 296 295 295 294 297 294 294 292 292 293 293 293 292 292 293 293 292 290 289 288 282 280 279 280 281 282 283 281 280 279 277 275 273 272 271 271 271 271 272 274 276
312 312 313 316 320 322 325 333 346 365 387 400 397 385 377 371 362 354 351 349 343 340 338 335 332 331 329 329 331 344 356 360 362 355 353 350 347 344 342 339 336 335 331 324 315 308 303 302 302 302 301 300 298 299 299 299 296 295 294 294 296 294 295 294 295 295 294 294 294 293 292 291 289 284 282 282 283 283 284 284 282 281 280 276 274 274 271 271 271 271 272 274 276 278
312 312 313 314 317 319 322 332 343 361 389 415 426 417 397 377 362 354 350 348 343 340 338 336 334 333 330 329 330 337 345 355 360 357 354 351 348 345 341 340 338 334 328 318 312 307 303 303 302 302 301 302 301 300 300 301 300 298 297 299 296 296 297 297 299 298 296 294 293 292 292 292 290 286 284 283 283 283 284 285 283 281 278 275 274 272 272 272 272 273 273 275 277 278
309 310 310 312 315 318 321 333 344 361 383 403 414 414 403 381 362 355 352 349 342 340 338 336 334 331 330 330 331 333 336 343 354 359 355 351 349 345 337 329 325 321 318 314 313 310 308 308 308 309 310 307 304 305 303 302 302 302 303 303 300 300 302 305 307 307 304 301 298 296 294 293 292 288 287 286 284 284 285 285 285 285 282 278 276 274 274 276 276 277 278 277 276 277
307 308 309 311 313 315 319 340 351 358 372 388 395 393 385 372 360 354 351 347 343 341 339 336 335 334 332 330 327 329 331 334 341 355 354 352 349 342 334 326 321 316 313 313 313 314 313 313 314 313 313 310 306 307 304 304 303 304 306 306 302 304 305 307 309 309 308 303 299 297 296 298 297 290 290 289 287 285 285 286 284 283 281 278 276 274 277 278 278 279 280 279 279 279
308 308 309 310 311 314 317 340 350 355 362 371 375 371 364 359 357 355 350 347 342 341 339 337 336 336 333 330 326 326 326 328 331 339 341 343 340 334 328 322 319 316 314 315 318 321 319 318 318 317 314 310 310 311 309 307 304 306 308 308 307 309 307 308 308 309 307 303 299 296 295 295 294 290 291 291 289 286 284 286 284 282 280 277 274 274 276 279 280 280 281 282 281 281
310 310 309 310 311 313 316 332 339 345 348 352 354 352 349 349 352 354 351 347 344 342 340 339 337 335 332 329 325 324 322 324 325 327 329 330 329 326 323 320 319 318 318 322 327 330 324 324 324 321 316 314 313 315 314 312 308 309 310 311 311 311 308 307 306 306 302 299 297 296 294 291 290 287 288 289 288 285 283 283 281 279 278 275 274 274 277 279 281 281 283 284 284 284
313 311 310 310 311 313 315 324 331 336 338 339 340 339 340 344 351 357 355 350 345 343 341 340 338 334 331 329 326 322 321 320 322 323 324 324 323 323 322 321 320 320 324 330 332 333 329 328 327 324 319 318 317 317 317 315 313 314 313 312 310 308 307 305 302 300 298 296 294 294 292 290 289 285 284 283 283 284 283 281 279 278 277 274 274 275 278 280 282 283 283 284 285 286
315 313 312 312 312 313 314 320 325 329 331 333 334 335 339 348 362 374 373 361 345 342 340 339 336 332 331 328 324 320 321 318 319 319 320 320 321 322 322 323 323 326 332 336 335 334 331 330 328 326 323 321 319 317 316 314 314 316 315 312 307 307 305 302 298 296 295 293 292 292 291 290 289 284 283 281 281 282 282 281 279 277 276 276 277 278 278 279 281 282 283 284 286 287
318 315 315 315 313 313 315 319 323 326 328 330 332 336 343 356 374 389 390 377 350 344 340 337 334 332 331 327 324 320 319 318 316 315 316 319 321 322 323 325 329 332 337 339 338 335 332 329 326 325 323 320 316 315 313 311 312 312 314 311 305 305 304 302 297 293 293 293 292 291 290 290 289 283 281 280 280 280 279 280 278 276 276 277 277 277 278 279 280 282 284 285 286 288
322 319 318 318 317 317 317 320 322 325 328 330 334 338 344 354 367 378 384 388 365 350 343 339 335 332 331 329 326 321 318 316 315 313 314 316 317 320 321 324 328 333 338 339 338 336 332 329 327 326 321 316 313 311 311 308 309 307 310 307 302 302 302 301 296 293 293 293 292 291 289 289 287 282 280 280 280 280 278 278 278 276 276 277 277 277 280 280 280 282 285 286 287 289
324 322 322 323 321 320 319 321 323 325 328 332 336 340 344 349 355 363 374 390 384 363 348 341 335 332 331 328 326 322 318 315 315 313 312 313 314 316 317 318 321 327 335 338 338 336 332 331 330 327 317 312 309 309 309 306 306 304 304 303 300 298 298 299 296 293 292 292 291 289 288 287 285 282 281 281 281 281 280 279 278 276 276 277 277 278 282 281 282 283 285 287 288 290
325 324 324 326 327 325 322 321 324 327 329 332 336 341 344 348 352 360 372 391 403 377 355 343 337 334 332 328 326 323 320 317 315 313 312 312 312 312 312 313 315 320 328 335 337 336 332 332 330 324 313 308 307 307 306 304 304 302 301 301 298 296 295 295 294 293 291 290 290 289 287 286 284 283 282 282 282 283 281 279 278 277 277 277 277 279 282 282 283 284 286 288 289 291
326 326 327 329 329 328 326 323 324 327 329 332 336 341 344 347 353 363 376 396 417 394 365 348 341 336 332 329 327 323 320 319 317 313 312 312 312 312 312 312 313 317 322 331 335 334 330 329 325 317 309 305 304 305 304 302 301 301 300 300 297 296 293 292 291 290 289 288 287 287 286 285 284 284 283 282 283 283 281 280 278 277 278 278 279 280 282 282 284 286 287 288 289 292
328 331 335 336 334 333 332 328 326 327 329 331 335 340 345 348 354 364 378 397 421 403 373 352 343 337 333 330 328 324 322 320 317 313 312 312 312 312 312 312 312 313 316 323 326 325 327 323 316 309 304 301 302 303 301 300 299 300 299 298 295 294 292 289 287 287 288 287 286 286 285 284 284 284 282 281 282 281 280 279 278 277 278 279 280 282 283 284 284 285 286 287 289 292
332 338 344 347 347 347 345 335 330 329 329 331 335 341 349 354 356 363 375 392 416 406 381 358 345 339 335 331 329 325 323 321 317 313 312 312 312 312 312 312 312 312 312 312 312 311 316 314 310 304 301 299 300 300 299 296 297 298 296 295 292 290 290 287 286 286 286 286 286 286 285 284 283 283 282 280 280 280 279 278 278 277 277 279 281 283 284 285 285 285 286 287 290 293
338 343 352 360 364 367 365 343 337 334 332 332 335 345 360 373 372 368 374 388 419 425 407 377 355 345 340 335 331 326 323 323 320 314 312 312 312 312 312 312 312 312 312 312 312 312 302 300 300 299 298 297 297 295 295 294 294 293 291 291 291 291 290 290 290 290 289 288 287 287 285 283 282 280 280 280 279 279 278 277 277 278 277 277 280 284 285 286 286 287 288 289 290 292
342 347 354 361 366 369 367 347 343 340 336 334 336 345 361 377 381 376 379 397 438 442 422 388 363 349 343 337 332 326 324 322 320 316 313 312 312 312 312 312 312 312 314 320 325 325 304 303 302 302 300 298 296 295 295 294 294 294 294 293 293 293 292 291 292 292 291 289 287 287 285 284 284 280 279 279 279 279 278 277 278 279 279 280 281 284 286 286 288 288 289 289 290 291
347 351 356 361 366 370 370 359 356 351 343 337 339 347 362 380 388 388 391 408 454 454 432 400 372 354 345 338 332 328 325 321 320 317 315 314 312 312 312 312 313 318 326 331 334 332 309 311 312 311 307 303 299 298 299 298 298 299 299 296 296 295 293 293 293 294 294 291 288 287 286 286 285 279 279 279 279 279 277 277 278 280 282 284 284 285 286 286 288 288 290 291 292 292
350 352 356 361 366 371 374 372 368 360 348 341 343 352 366 382 395 402 406 421 461 460 441 415 386 362 348 338 333 330 327 323 322 318 315 314 312 312 312 313 320 329 337 339 337 333 319 323 325 323 320 312 307 305 306 304 304 304 304 300 298 297 295 294 295 297 296 293 289 288 287 287 285 280 279 279 279 278 277 277 279 281 283 285 286 286 286 287 288 290 292 293 294 294
349 354 358 362 368 372 374 374 367 356 347 343 347 356 369 384 401 415 421 432 465 465 453 430 399 370 351 339 334 331 329 325 323 319 315 314 313 312 313 318 328 339 344 343 339 335 330 331 332 329 328 322 317 315 314 314 312 311 310 305 301 300 298 297 297 298 296 292 289 288 286 286 284 281 279 279 278 277 277 279 281 282 283 286 287 286 287 287 290 291 293 294 295 295
347 355 361 365 369 372 374 371 360 350 346 345 350 359 372 387 405 420 428 438 467 470 458 433 402 373 354 342 336 334 330 328 325 320 317 315 315 315 317 323 334 346 347 344 341 339 335 335 334 332 330 326 324 322 320 319 316 316 313 308 305 304 303 301 300 298 295 291 289 288 287 285 283 280 278 279 278 277 278 280 282 283 283 285 287 287 288 289 291 293 293 295 297 297
344 351 357 363 368 372 375 374 365 355 349 349 353 363 376 391 405 415 422 434 465 466 451 426 400 374 358 347 341 337 333 329 326 320 319 319 319 320 322 328 340 349 347 344 342 342 337 337 336 333 332 329 326 324 322 320 317 317 314 310 308 306 306 305 302 298 295 292 289 287 286 284 282 279 278 278 278 278 279 282 283 284 284 286 287 287 289 291 292 293 294 296 298 300
341 344 348 355 365 373 376 381 378 369 358 354 357 366 379 391 398 403 410 426 463 464 450 428 404 377 360 351 345 339 334 330 327 321 321 323 325 327 331 337 345 350 348 345 343 343 339 339 336 333 333 330 326 324 321 319 317 316 313 310 307 305 304 304 300 296 294 292 290 288 286 284 281 278 278 278 278 279 280 282 284 285 285 286 286 287 289 290 292 293 295 296 298 300
339 341 344 351 362 371 375 384 385 381 370 361 362 371 380 388 394 400 410 429 468 471 461 438 410 381 362 351 345 340 335 331 327 322 324 329 335 340 344 349 351 351 350 347 344 343 340 337 335 332 332 330 326 323 322 319 316 313 313 310 303 301 300 301 298 296 295 292 291 289 287 285 282 278 278 278 279 279 279 281 284 285 285 285 286 288 289 290 292 295 297 298 298 301
337 342 346 352 360 369 374 384 385 382 371 363 367 379 390 399 406 412 421 440 468 466 455 432 407 384 364 350 343 339 335 331 328 324 326 333 346 356 357 356 354 352 351 348 344 341 339 335 335 333 332 329 325 323 321 318 314 312 311 308 303 300 298 298 296 294 293 292 289 287 285 284 282 278 278 279 280 281 280 281 284 285 285 286 286 288 290 291 293 295 297 298 299 301
339 344 348 353 358 364 372 383 381 372 361 358 367 383 402 419 429 432 437 450 452 441 429 411 393 381 366 351 342 337 334 331 329 324 324 330 343 356 358 356 353 351 350 349 346 342 338 335 335 332 330 328 325 321 318 314 312 312 307 303 301 298 295 296 294 292 291 290 287 285 283 283 282 278 278 279 281 281 281 282 285 285 286 287 288 289 290 291 293 295 297 299 300 300
340 345 348 352 355 359 367 379 373 363 354 356 366 383 405 425 437 445 453 462 440 416 401 388 375 368 363 353 343 337 334 331 329 323 321 325 333 342 347 348 347 346 346 346 345 342 338 336 335 331 329 326 319 315 312 309 308 311 307 301 299 296 293 293 292 290 288 286 284 284 283 283 281 278 278 279 281 282 282 284 284 284 286 287 288 290 290 291 293 295 297 298 299 300
338 343 346 348 349 351 358 364 358 353 352 357 365 376 393 412 429 446 463 476 448 420 399 384 369 360 354 349 343 337 334 332 329 324 320 320 323 325 327 330 332 333 334 338 341 341 337 335 334 331 327 322 314 310 309 305 305 308 306 301 298 295 292 291 289 289 288 285 285 286 286 284 282 279 279 280 281 282 282 284 285 285 287 288 289 289 291 294 294 293 294 296 298 299
332 333 335 336 338 338 338 340 342 346 354 368 387 403 409 413 429 455 480 494 487 463 435 405 375 357 350 345 341 338 335 332 328 323 322 320 317 315 314 314 315 315 317 320 327 335 335 332 331 329 326 315 308 308 304 304 301 301 299 296 294 292 291 290 290 289 288 286 287 286 285 284 282 280 279 279 280 285 287 286 286 287 288 287 288 288 290 291 292 292 292 293 294 296
334 337 341 346 348 349 345 339 340 345 357 373 395 418 429 430 438 456 473 482 489 470 439 404 376 357 348 343 339 336 334 330 327 323 321 319 315 315 314 313 312 311 313 316 322 332 332 331 328 326 324 314 308 306 302 301 299 300 299 296 294 292 291 292 291 289 288 287 286 285 284 283 283 281 279 280 281 283 285 285 286 287 288 288 288 287 290 293 293 292 293 295 297 297
340 345 349 353 357 359 355 339 342 349 358 370 385 406 427 445 459 469 472 468 464 447 423 396 374 361 351 345 340 335 332 330 326 323 320 318 317 316 313 308 307 307 308 311 315 323 328 322 319 320 323 317 307 303 301 300 299 299 301 298 295 293 292 291 288 287 287 288 287 285 283 284 284 282 280 281 282 283 283 283 283 285 287 287 286 286 289 293 293 292 294 296 297 297
346 351 355 360 365 366 359 342 345 353 363 375 388 404 422 441 460 476 474 459 435 418 399 381 367 359 353 346 340 336 332 330 327 324 322 320 317 316 314 310 306 305 304 304 305 308 316 310 309 310 314 313 306 304 299 299 299 299 301 300 296 293 291 288 289 290 289 287 286 285 287 286 285 283 282 280 282 283 284 283 284 285 285 285 286 288 288 290 292 294 294 294 294 296
