Shetran-prepare/examples/dano100m-withdates/dem_100.txt
ncols         183
nrows         180
xllcorner     487051.08287203
yllcorner     1224163.3322861
cellsize      100
NODATA_value  -9999
[rows 126 to 167 of 180, columns 0 to 93 of 183]
324 321 319 319 319 319 319 317 317 317 318 321 325 328 329 330 331 332 333 334 334 334 334 335 333 333 333 333 333 332 334 336 339 345 347 345 341 338 336 334 331 328 325 321 320 318 314 312 311 312 310 309 307 307 307 304 299 300 300 300 296 295 295 294 293 295 295 297 298 299 299 299 300 303 305 305 307 309 311 314 320 323 324 325 328 331 336 338 339 341 342 342 344 345
325 322 320 319 319 319 318 317 317 317 318 321 324 326 328 330 333 336 339 339 336 335 335 334 333 332 330 332 330 330 333 335 337 343 346 345 341 337 336 335 332 328 324 319 317 316 316 315 314 313 311 308 307 306 306 303 302 302 300 300 296 294 294 294 295 296 296 296 298 299 300 300 300 303 305 307 308 309 313 317 322 325 327 329 331 333 337 338 338 340 342 344 345 346
326 323 321 321 321 320 319 317 316 317 318 320 322 325 328 329 333 338 343 344 341 339 336 334 332 330 328 329 329 330 332 334 335 342 346 343 339 336 335 333 329 325 322 318 317 316 316 316 314 313 311 308 307 306 305 304 304 303 302 300 296 294 294 294 296 298 299 298 299 300 301 301 301 303 304 307 309 310 312 317 321 324 327 331 332 334 337 338 340 342 345 347 348 348
326 324 323 323 322 321 320 317 316 316 317 318 320 324 327 328 332 338 342 344 343 340 335 334 333 331 328 327 328 328 330 332 334 339 341 338 336 336 334 329 325 322 321 320 318 318 317 316 313 312 310 309 309 307 306 306 304 303 304 301 296 294 294 294 296 298 300 301 302 302 302 303 304 305 306 308 309 310 311 316 321 324 328 330 332 334 339 340 341 342 345 348 349 350
327 325 324 323 322 321 320 317 316 315 316 317 319 322 325 327 331 335 339 341 339 335 334 334 336 335 331 326 326 326 328 330 332 335 335 334 332 333 331 325 323 323 322 321 319 319 319 317 315 312 309 309 309 310 307 305 304 304 306 304 298 294 294 294 297 298 300 301 302 302 303 305 306 308 308 308 310 312 314 318 322 325 328 331 333 335 340 342 341 339 341 344 347 350
327 327 326 325 323 321 320 318 317 315 315 316 318 319 322 325 328 332 334 337 335 333 332 334 336 337 333 326 325 327 329 329 331 334 334 333 331 330 328 326 326 327 327 324 321 319 322 320 317 315 312 312 309 312 308 306 305 308 310 308 300 295 294 294 297 299 300 301 301 304 305 306 307 309 308 309 311 314 316 320 324 327 329 332 334 336 340 341 338 336 337 340 345 348
328 328 328 327 325 323 320 317 316 314 313 314 315 316 319 323 326 328 331 333 333 333 332 332 334 334 331 325 324 326 328 329 331 334 333 331 329 328 327 328 331 332 330 326 323 322 324 323 321 318 316 315 312 312 310 309 308 312 314 311 302 296 294 295 297 299 301 301 302 305 307 306 307 309 310 310 312 315 318 322 326 329 331 333 335 335 338 338 335 333 335 339 343 345
330 330 331 331 329 325 322 318 318 317 315 313 313 315 317 319 321 323 325 326 327 327 326 327 328 325 323 323 323 325 326 326 329 331 331 329 328 328 330 336 340 338 335 333 330 329 328 326 323 320 320 316 315 313 311 310 309 307 309 307 298 297 297 297 299 300 301 302 303 305 306 306 307 310 312 312 314 317 320 323 327 330 333 332 329 327 331 330 330 331 333 337 338 338
332 332 333 337 337 330 323 319 318 317 316 314 313 315 316 318 320 321 322 322 323 324 324 324 324 321 320 322 325 327 328 328 328 331 332 330 329 329 332 338 343 341 339 335 332 331 329 327 323 322 324 319 315 314 313 310 310 307 306 305 300 300 299 299 298 298 300 302 303 305 306 306 307 310 312 313 315 318 320 324 327 328 330 329 325 325 328 328 329 331 333 336 338 339
335 334 335 340 342 335 327 322 319 317 316 314 313 314 316 317 318 320 321 321 321 322 321 320 320 320 320 322 327 328 330 331 332 333 332 331 330 331 334 340 346 346 343 339 336 333 329 326 323 325 327 321 318 315 315 313 311 308 306 305 302 302 300 299 298 298 300 302 303 304 305 306 308 311 312 315 317 317 320 322 324 325 326 325 325 325 327 329 329 330 333 336 339 341
334 333 334 339 342 337 330 322 320 319 318 316 314 313 314 316 317 319 321 320 320 321 320 318 319 321 321 323 327 328 330 335 337 335 334 333 332 332 335 342 348 348 345 342 341 336 329 327 326 328 327 324 319 316 316 314 311 309 307 305 303 301 299 299 298 298 299 301 302 302 303 306 308 311 312 315 317 318 320 320 322 323 324 325 326 327 331 331 331 332 335 338 342 344
334 333 333 336 338 337 334 324 322 320 318 317 315 313 314 315 316 317 319 319 318 318 318 320 321 323 324 326 328 328 335 345 347 341 337 333 332 333 337 341 346 348 347 345 344 340 332 332 330 329 328 325 321 316 315 315 314 312 309 307 303 302 301 300 299 298 299 301 302 302 303 305 307 312 315 317 317 319 322 323 324 326 327 327 328 329 333 334 333 334 337 341 345 348
333 332 331 332 334 336 335 326 323 321 319 318 315 313 314 315 316 317 317 317 316 317 320 322 323 323 323 325 326 331 341 350 350 343 340 336 335 334 336 338 343 347 348 347 345 343 337 336 333 330 329 326 321 317 316 318 317 315 310 307 302 302 301 300 300 299 299 301 302 302 303 305 307 313 317 319 319 321 322 324 326 328 329 330 330 331 334 337 337 337 339 342 347 351
331 330 329 329 330 333 334 329 326 323 320 318 316 314 313 314 314 314 314 315 317 319 321 323 323 321 322 324 325 332 342 347 347 344 343 340 338 336 336 337 340 345 350 349 346 344 340 338 336 333 330 326 322 319 317 316 316 314 310 307 301 302 300 299 300 299 300 301 301 301 303 305 309 316 318 320 321 323 323 323 326 329 330 332 333 334 336 339 342 343 344 346 350 353
329 328 327 326 327 328 330 330 328 325 322 320 317 314 311 311 312 313 314 315 318 320 322 321 321 321 323 324 326 332 340 343 344 344 343 343 341 338 337 339 341 345 349 350 347 344 341 339 337 335 331 328 323 320 318 314 312 311 310 307 303 301 300 299 299 299 300 301 301 302 302 305 310 317 319 320 322 324 324 324 326 328 329 331 334 336 338 341 345 346 346 348 351 353
328 327 327 326 325 325 326 328 327 324 322 320 318 315 312 310 310 312 314 316 319 320 321 320 320 321 324 325 327 332 338 340 340 341 341 343 342 339 339 341 343 345 348 349 348 345 341 340 338 334 331 329 325 321 317 314 312 310 310 306 302 300 300 299 299 299 300 301 302 303 303 305 311 319 319 320 322 325 325 324 326 327 328 330 333 334 336 339 342 343 346 348 351 352
328 327 326 325 324 324 324 324 323 321 320 320 319 317 314 312 309 310 312 314 317 318 320 318 318 320 324 326 328 331 335 337 338 338 339 340 340 340 340 342 344 346 348 348 347 346 341 340 338 334 331 329 325 320 316 314 313 310 309 306 301 301 300 299 300 299 300 302 303 304 305 307 312 318 318 319 322 324 325 324 326 327 329 331 332 335 336 337 340 343 346 349 350 350
328 326 324 323 321 321 321 320 320 319 319 319 319 318 316 313 309 309 309 310 315 317 318 318 318 320 323 326 328 331 333 334 336 335 337 337 338 339 340 343 344 345 346 346 346 345 341 338 337 334 330 326 323 319 315 314 312 309 308 307 301 300 299 299 300 299 300 302 303 305 306 308 313 318 319 320 321 323 324 324 326 328 329 330 333 336 338 339 341 343 346 348 349 348
328 327 326 322 321 321 321 320 320 321 322 322 321 319 317 314 311 309 309 309 314 315 316 317 318 320 322 325 328 330 333 332 333 332 332 334 335 337 339 341 343 344 345 345 344 342 340 337 335 333 328 324 320 318 314 313 312 307 307 307 301 301 300 299 299 299 300 302 303 305 306 309 314 318 320 320 321 323 323 324 327 329 330 330 332 334 340 340 340 343 345 346 347 345
328 329 325 322 321 322 321 320 321 322 325 326 324 321 319 316 312 309 309 309 314 315 315 316 318 319 321 323 326 329 331 330 331 331 330 331 334 336 337 338 341 342 342 343 343 341 337 335 333 330 326 322 319 317 314 313 311 310 308 307 302 303 301 300 299 300 302 304 305 307 307 308 312 317 319 320 321 324 325 326 327 328 329 329 331 333 338 339 340 342 345 346 345 343
326 327 325 322 323 323 322 322 323 325 327 328 326 323 321 319 314 311 309 309 314 315 313 314 317 318 320 321 324 328 329 329 329 330 330 330 332 333 335 337 339 340 340 341 340 339 335 333 331 329 325 322 318 316 313 314 311 312 309 306 303 303 300 300 300 301 303 305 306 307 307 309 311 317 319 322 323 325 326 327 327 327 328 329 331 333 336 337 339 341 344 346 346 343
323 324 323 324 325 325 324 324 325 327 328 329 328 324 320 318 315 312 309 308 310 312 313 313 315 318 319 319 322 326 326 325 324 328 329 330 330 332 334 336 337 338 338 338 337 335 332 331 330 328 326 322 317 316 315 313 310 309 307 305 304 301 301 300 301 302 304 305 306 307 308 310 313 317 319 322 324 324 324 325 327 327 327 328 329 331 335 336 337 339 342 344 345 342
323 323 324 325 324 324 323 324 325 327 329 329 327 323 319 316 313 310 309 308 309 310 312 313 315 317 319 319 321 323 323 323 323 328 330 330 330 332 335 336 337 337 337 337 336 334 332 330 328 326 323 320 318 315 314 313 310 309 306 305 303 302 301 300 301 301 303 305 306 307 308 310 312 316 319 320 321 322 323 324 325 326 327 328 329 331 333 335 337 339 341 344 345 343
323 323 323 324 323 323 324 324 325 326 329 329 326 323 319 316 313 310 308 308 308 310 312 314 316 316 318 320 320 321 322 322 323 327 329 330 330 332 334 336 336 336 335 335 334 333 331 330 327 324 321 318 317 315 314 312 309 310 307 306 303 301 301 301 302 302 304 304 305 307 308 309 312 316 317 318 319 321 323 324 325 325 327 328 328 330 332 333 336 339 342 344 345 342
322 322 322 322 321 321 322 322 324 325 328 328 326 322 319 316 313 310 308 308 308 310 312 314 316 317 317 320 320 320 321 322 324 327 328 329 330 333 334 335 335 334 335 334 333 331 329 328 326 322 320 317 316 315 315 312 308 308 308 306 303 301 301 301 303 304 305 306 307 308 310 312 314 317 318 319 320 322 323 323 324 326 327 328 328 328 331 333 336 338 341 343 344 341
321 321 322 321 319 319 320 320 322 324 326 327 325 321 319 316 313 310 308 308 308 310 313 315 316 317 318 320 320 320 321 323 324 326 327 329 331 334 335 334 334 334 335 333 332 330 328 327 325 323 320 318 316 315 314 311 309 307 307 306 302 301 301 302 303 305 305 307 309 309 311 313 316 318 319 320 321 323 323 323 323 325 325 326 327 327 330 331 334 337 339 341 342 340
319 320 320 320 318 317 317 320 321 323 325 325 323 320 317 315 312 310 308 308 310 311 313 316 316 317 318 319 320 321 322 324 324 327 327 329 331 333 334 335 335 335 335 332 331 330 326 326 325 323 321 318 316 315 314 310 309 307 306 306 302 301 301 303 304 304 305 307 310 310 312 314 317 319 319 319 319 321 322 323 323 323 324 325 326 327 329 330 333 335 338 340 340 338
318 319 320 319 317 316 316 318 320 323 324 323 320 318 316 314 311 309 308 308 311 311 314 316 317 317 318 320 321 322 324 325 325 329 329 330 331 332 332 334 334 333 332 331 330 328 325 324 324 323 321 318 317 315 314 310 308 308 306 305 302 301 302 304 304 306 307 309 311 312 313 315 317 319 319 319 319 320 321 322 323 323 323 324 325 327 329 330 333 335 337 339 339 338
317 319 319 318 316 316 315 316 318 321 323 322 319 317 316 313 310 308 307 308 311 312 315 317 318 319 320 322 322 323 326 328 328 330 330 330 330 331 331 331 332 331 330 329 328 326 324 324 323 322 323 320 317 316 314 311 307 306 306 304 301 301 302 304 305 307 309 311 312 314 315 316 318 319 319 319 319 319 320 321 323 323 323 323 324 326 329 330 332 333 336 338 338 337
319 321 321 318 316 316 314 315 317 321 323 321 318 316 315 312 308 307 307 308 312 314 316 317 319 320 322 325 324 325 327 329 329 331 331 331 331 330 331 331 330 330 328 327 327 325 322 324 323 321 322 318 316 316 313 310 305 303 304 303 301 301 303 304 305 307 309 311 313 315 316 317 317 319 320 320 319 320 321 322 322 322 322 323 324 325 328 331 331 333 335 336 337 336
323 326 323 319 317 314 312 315 318 321 322 321 318 314 312 309 308 307 308 310 315 317 318 318 320 321 323 325 325 325 325 327 327 329 329 330 332 330 330 330 329 328 325 324 324 324 322 323 322 320 318 315 314 315 313 309 305 303 302 301 301 302 304 305 305 307 308 311 313 314 316 318 318 319 320 319 318 319 322 323 322 323 323 323 324 324 328 330 331 333 334 335 336 336
324 327 323 319 316 313 312 314 318 319 320 320 317 312 309 308 307 307 309 312 317 318 319 321 322 321 321 321 321 321 322 323 324 325 325 326 329 328 329 329 329 329 326 324 324 324 323 322 321 321 317 312 312 313 312 309 306 304 302 302 301 303 304 305 305 306 307 309 311 314 316 318 318 318 318 318 318 319 321 322 322 323 324 324 324 323 327 328 330 332 333 334 335 334
322 325 323 320 317 314 312 313 315 317 317 316 313 309 307 307 307 308 310 312 319 320 321 321 320 318 317 319 318 319 319 321 321 321 321 323 324 325 327 328 328 328 326 325 324 324 323 322 319 318 317 312 312 313 312 308 307 304 303 304 301 303 304 305 305 306 307 310 312 314 316 318 318 319 319 319 320 321 320 321 322 322 323 323 323 322 326 327 329 331 332 333 334 333
321 325 324 320 318 315 313 309 312 313 313 311 309 308 307 307 308 309 310 311 317 319 319 319 317 317 316 316 316 317 317 318 319 319 318 321 321 323 325 325 326 326 326 325 323 322 321 321 318 315 313 312 312 312 310 308 307 304 304 305 302 303 304 305 305 306 308 310 312 313 316 318 317 319 319 319 320 320 320 320 321 321 322 324 323 322 326 327 329 331 332 333 334 332
321 326 327 324 320 315 312 306 306 307 310 309 307 305 305 308 310 311 313 315 317 316 316 315 313 312 312 312 312 314 314 316 316 317 317 318 319 320 322 323 324 325 325 324 322 320 320 319 318 316 314 312 312 309 309 309 307 307 306 303 303 303 304 305 305 305 307 309 310 313 316 317 318 318 318 318 319 319 320 321 320 320 320 321 322 322 325 325 326 327 329 330 331 331
319 324 325 323 319 315 312 306 305 305 306 306 305 304 305 308 310 312 314 316 316 315 313 312 312 311 310 310 310 312 314 318 317 318 317 318 319 319 320 322 324 325 325 323 322 320 318 316 315 315 313 311 310 310 309 309 306 307 304 305 303 303 304 304 304 306 308 308 309 313 316 317 318 318 319 319 319 320 319 321 320 320 322 321 321 321 324 324 325 326 328 330 331 330
317 321 322 320 317 314 312 307 305 304 304 304 304 305 306 307 310 313 313 315 316 316 313 311 311 308 307 308 310 314 315 316 315 315 315 316 317 319 321 322 322 323 324 325 324 320 317 316 314 315 313 311 310 310 309 310 308 306 305 304 303 303 304 305 307 308 307 307 308 312 314 316 318 317 318 319 319 319 319 320 321 322 322 323 322 322 323 325 327 327 328 331 332 330
314 317 318 319 318 316 313 309 305 304 304 304 304 305 307 308 310 312 314 315 314 315 314 312 310 307 306 308 311 314 314 314 315 314 315 316 316 318 320 320 321 322 324 323 323 321 318 318 316 314 312 312 311 311 309 309 306 306 306 306 304 304 304 306 307 307 307 308 309 311 313 315 316 316 317 317 319 321 321 321 321 322 322 323 322 322 325 325 326 327 329 330 331 329
314 315 314 315 315 314 311 307 305 304 304 304 304 305 308 308 309 310 314 315 313 312 310 309 307 306 306 308 311 312 312 310 312 313 314 315 316 317 317 319 320 322 324 324 322 320 319 318 316 313 311 310 310 312 310 309 305 305 305 305 307 306 305 307 309 309 310 312 312 312 312 312 314 317 317 318 318 319 319 319 319 320 321 322 322 322 325 326 327 329 329 330 330 328
313 314 313 310 309 310 308 306 304 304 304 304 305 306 308 309 310 311 313 314 312 310 308 308 307 308 307 306 307 309 310 310 311 313 313 314 315 315 316 318 320 322 324 323 321 319 319 318 315 313 311 311 309 307 308 306 305 305 305 307 306 307 307 308 309 310 311 313 313 312 312 313 314 318 320 320 320 319 319 319 319 321 324 324 323 322 327 328 329 330 331 330 328 326
310 313 311 307 306 306 306 305 305 304 305 307 308 309 310 312 314 314 314 315 312 309 308 308 307 307 306 306 307 307 309 311 309 311 313 315 315 316 316 316 319 323 324 324 322 320 318 317 313 313 310 309 310 307 307 308 305 305 305 308 307 306 307 308 310 311 312 313 314 313 313 314 316 318 319 321 322 320 320 320 320 321 322 324 325 325 326 326 327 329 331 328 325 325
309 309 309 308 307 304 303 303 304 306 307 308 309 310 312 315 316 316 316 315 312 309 309 308 307 308 307 305 305 308 308 309 308 311 313 315 314 313 314 316 319 322 325 324 323 321 316 316 313 312 311 309 309 311 307 307 308 307 306 305 308 308 307 307 309 310 311 313 314 315 315 316 317 318 319 319 320 321 321 322 323 324 323 322 322 322 324 325 327 329 330 328 325 324
