Shetran-prepare/examples/dano100m-withdates/dem_100.txt
ncols         183
nrows         180
xllcorner     487051.08287203
yllcorner     1224163.3322861
cellsize      100
NODATA_value  -9999
[rows 84 to 125 of 180, columns 0 to 93 of 183]
352 358 361 366 369 368 356 343 346 354 366 379 390 401 415 429 442 451 455 449 411 390 377 367 358 353 351 346 341 339 338 332 328 327 324 319 316 315 315 312 310 307 304 303 303 302 302 301 302 303 305 303 301 300 299 299 303 302 303 302 297 293 289 289 290 291 291 289 287 285 286 285 284 282 282 282 283 284 285 285 287 287 287 286 287 289 290 291 291 292 292 292 293 295
357 360 364 368 369 363 351 345 348 354 363 374 386 394 400 409 418 423 427 429 397 378 366 360 354 352 349 346 345 348 344 332 327 325 323 318 315 316 316 312 309 308 305 303 302 301 299 298 299 299 300 297 298 298 299 301 305 306 305 303 298 294 289 289 289 289 290 288 286 285 285 286 285 282 282 282 282 282 284 285 285 286 286 287 289 290 291 292 295 294 292 293 294 294
358 363 366 369 370 362 352 349 352 355 361 369 378 383 386 391 398 406 414 412 384 374 367 365 365 362 356 353 352 351 342 331 328 324 321 317 315 315 315 312 308 305 304 302 302 302 300 299 298 298 298 295 294 295 296 298 302 307 306 303 298 294 291 289 289 290 289 288 287 286 287 289 287 283 282 282 282 282 284 284 285 287 288 288 289 290 292 292 294 294 294 295 296 296
358 363 366 368 370 365 355 356 357 357 359 364 371 379 386 390 395 404 414 413 408 401 391 393 392 379 368 367 367 355 340 331 325 322 320 318 317 316 314 309 305 304 305 305 308 309 307 305 302 300 297 296 296 294 294 295 297 302 304 301 299 297 293 289 288 289 290 289 287 285 284 286 286 282 282 282 282 284 285 285 285 286 288 289 288 290 294 292 294 295 296 298 298 298
355 358 362 366 367 361 355 360 361 363 366 369 372 381 391 400 406 413 424 435 441 431 419 415 407 390 384 391 388 368 342 329 323 321 321 318 316 315 311 308 306 306 305 307 318 327 318 312 305 303 300 298 297 296 294 295 294 296 296 298 298 297 294 289 288 288 289 288 286 285 284 284 284 283 282 282 283 284 286 288 287 289 290 291 292 293 293 294 296 298 299 298 298 299
350 352 357 362 363 358 355 362 364 367 371 373 375 381 391 404 419 432 443 452 449 434 425 416 406 397 401 404 398 373 349 332 326 323 322 319 317 314 310 308 308 307 306 310 326 334 328 320 310 303 302 299 298 297 294 294 293 292 292 294 296 295 293 290 288 288 288 286 285 285 284 284 284 282 282 282 282 284 286 287 288 288 292 295 296 296 296 298 298 300 302 300 299 299
346 349 356 362 364 361 357 361 365 369 372 377 381 387 398 414 431 443 450 453 435 416 408 399 390 388 390 389 382 370 352 339 331 324 321 320 317 315 313 310 309 308 307 311 325 334 329 325 315 307 303 302 303 300 296 294 293 293 291 291 291 292 291 289 288 288 288 287 286 285 284 284 283 282 282 282 282 283 285 288 290 290 293 296 297 299 300 299 299 301 302 301 300 301
349 354 360 365 367 365 360 362 366 371 375 382 390 397 408 420 428 433 439 441 412 395 392 386 375 371 370 367 366 368 360 349 338 326 322 321 318 317 315 313 310 308 307 310 323 334 332 327 319 311 308 307 309 305 301 298 295 294 293 290 290 290 290 289 289 289 288 288 287 285 284 283 283 283 282 284 284 284 285 288 289 290 294 298 299 302 303 301 300 302 304 303 302 302
353 357 362 367 369 368 364 363 366 371 378 388 397 400 406 412 414 418 424 424 397 382 381 378 368 361 357 355 356 361 362 356 347 330 324 322 320 318 316 314 311 309 309 311 321 333 334 329 323 316 313 311 310 306 303 299 296 297 295 291 291 291 291 290 290 291 290 289 288 286 284 283 283 283 284 285 285 285 286 289 290 291 296 300 301 303 306 303 302 302 304 305 305 304
355 358 363 366 368 366 363 362 366 372 380 388 392 392 394 398 403 411 418 417 387 377 375 372 365 358 352 349 349 349 352 351 345 333 327 323 322 320 318 315 311 310 310 313 323 334 333 330 326 319 315 313 309 304 301 300 297 298 296 292 292 292 293 292 291 291 291 290 289 287 284 283 283 283 284 287 288 288 289 291 292 293 298 301 303 305 307 306 304 303 304 305 306 305
359 361 364 367 366 360 357 358 360 365 370 374 376 382 391 397 402 409 416 419 388 376 373 367 360 354 351 347 343 341 338 336 333 330 328 325 324 322 319 316 315 313 315 322 334 341 334 332 328 325 320 313 308 305 303 302 301 299 298 296 295 293 294 293 292 292 291 290 287 286 285 284 284 285 285 289 291 290 291 292 293 294 298 303 308 313 315 315 313 308 308 308 308 308
359 361 363 366 365 360 354 356 358 361 364 368 373 383 391 391 389 393 401 405 379 369 366 364 358 353 349 347 344 341 339 336 332 329 327 325 323 321 318 316 315 315 317 326 337 341 335 332 328 326 321 314 310 308 307 306 304 303 302 298 295 292 292 292 291 290 289 289 288 286 285 284 284 287 288 291 292 292 292 293 294 295 299 304 311 318 320 318 315 312 311 310 310 310
357 359 361 364 365 361 354 353 355 358 361 364 369 376 380 379 376 379 385 386 368 361 358 357 353 349 346 345 343 342 339 336 333 329 327 325 322 319 318 316 315 316 319 327 337 339 335 332 328 326 322 317 315 313 312 309 309 307 306 301 295 293 293 292 291 289 288 287 288 287 285 284 284 289 290 292 293 293 294 294 295 297 301 308 315 320 321 318 314 313 312 311 311 313
355 358 360 363 364 359 353 351 353 356 358 360 362 365 367 367 367 370 374 372 361 357 354 351 348 346 345 342 341 341 339 335 332 330 327 323 320 317 317 317 317 319 322 326 334 338 334 331 329 326 324 322 319 317 316 313 312 311 309 303 296 294 294 292 291 289 286 285 285 285 284 285 285 289 291 293 294 295 296 296 296 299 306 312 318 320 318 316 315 314 314 313 314 316
353 357 359 361 362 357 352 350 352 354 355 356 356 356 358 360 362 364 367 367 358 355 352 349 346 344 343 341 339 338 338 333 330 331 328 323 319 317 317 319 322 327 330 330 333 336 334 331 329 326 326 325 322 320 319 317 314 312 308 303 297 295 294 293 291 288 285 284 284 284 285 286 286 289 291 293 295 295 297 298 299 302 309 315 317 316 315 316 317 317 316 316 317 318
349 354 356 359 360 357 352 350 351 352 352 352 353 353 354 356 358 360 365 369 359 353 350 348 346 343 341 339 336 334 336 332 330 331 328 324 319 318 320 323 328 333 336 335 334 334 330 329 328 326 328 327 324 321 320 319 315 310 306 302 297 295 293 293 291 288 286 284 284 285 287 288 288 290 292 294 295 295 297 299 301 303 308 313 314 313 315 317 319 319 319 319 320 319
343 351 355 358 359 357 352 348 349 350 350 350 350 351 352 354 355 359 367 376 368 357 349 347 347 345 341 336 333 332 332 331 330 328 327 323 321 322 325 330 334 337 340 339 336 334 328 325 325 325 326 328 324 321 319 318 315 311 307 304 298 295 293 292 291 288 286 285 285 287 289 290 291 292 294 296 297 296 297 300 303 304 307 312 313 314 317 320 322 323 323 323 322 321
340 347 352 355 357 356 354 348 347 348 348 348 348 349 351 352 356 363 375 386 380 366 354 350 351 351 345 338 334 332 330 329 328 326 326 324 324 326 332 339 341 342 342 340 337 336 328 324 322 321 324 325 322 320 317 317 315 312 308 305 299 294 292 291 291 288 285 285 286 288 290 292 294 295 297 297 297 296 299 302 306 307 309 313 314 317 321 324 326 326 326 327 326 323
340 345 349 353 356 357 356 347 345 345 346 346 346 347 350 353 360 371 385 397 388 373 361 355 354 354 349 341 337 334 333 331 329 328 326 326 326 328 334 342 344 344 341 338 337 335 327 325 321 317 318 318 316 316 313 312 313 309 308 307 299 294 291 290 289 288 285 285 287 289 291 292 295 298 299 298 298 298 302 306 309 309 311 314 317 322 325 327 328 329 329 330 330 328
340 343 347 353 357 357 354 345 343 342 342 343 345 347 348 353 362 373 388 401 393 378 366 358 356 353 349 344 339 336 336 333 331 329 328 327 327 328 333 341 345 344 340 337 336 332 324 322 318 312 312 311 310 309 307 307 308 305 306 305 298 294 291 289 289 288 285 286 288 290 291 292 294 298 299 299 301 301 305 310 312 312 313 315 320 324 327 329 330 331 332 332 332 330
340 342 347 352 356 355 350 343 341 340 340 341 343 345 347 351 358 368 380 392 392 380 368 359 356 353 351 346 340 337 335 333 333 331 330 330 331 331 334 341 345 343 339 336 334 329 319 317 313 309 309 308 307 306 305 306 305 302 302 299 297 294 291 289 288 287 286 286 289 290 291 292 293 298 299 300 302 303 306 310 313 315 316 319 322 323 326 329 330 331 332 333 332 330
342 345 348 352 354 353 349 342 340 339 339 340 341 342 344 347 352 358 367 377 382 374 364 357 354 354 353 348 341 337 335 334 334 333 333 334 336 337 336 341 342 340 338 335 331 324 315 314 311 308 308 307 305 305 304 304 303 301 298 296 295 293 291 290 289 287 286 286 289 291 292 292 292 298 300 301 303 305 307 310 313 315 317 320 322 322 327 329 330 331 332 332 330 328
344 347 350 351 353 353 349 342 340 338 339 340 340 341 343 344 346 350 358 367 369 363 356 353 352 356 357 352 345 340 338 338 336 337 335 335 337 340 339 339 337 336 334 330 325 318 313 312 310 308 307 305 304 304 304 302 300 299 297 296 293 292 291 292 290 287 286 286 289 291 292 292 293 297 299 300 302 305 307 310 312 314 317 319 320 322 326 328 329 330 331 331 329 327
343 344 347 348 349 349 347 341 339 336 336 336 337 340 341 341 341 343 346 350 350 348 347 347 347 350 352 356 358 359 355 350 345 347 344 342 342 344 343 340 337 332 327 323 320 316 311 309 308 308 307 305 305 304 301 298 298 298 296 297 294 292 292 290 288 286 286 287 288 290 292 293 294 295 298 300 301 304 306 308 310 313 315 314 314 317 321 324 327 328 328 327 324 325
342 342 344 345 347 348 346 341 338 336 336 336 337 340 341 341 340 340 342 344 346 344 344 344 345 349 350 352 358 365 365 360 352 352 349 348 348 347 345 342 338 333 328 324 320 316 312 309 308 308 307 305 306 303 301 298 298 299 297 296 294 292 291 289 288 287 287 290 290 290 290 291 293 296 297 299 301 304 306 308 311 312 312 312 314 317 319 321 323 324 323 322 322 323
341 341 342 344 345 346 345 339 337 336 336 336 338 339 340 340 338 338 339 340 343 342 342 342 344 347 350 353 359 366 367 362 355 351 351 350 349 347 343 339 335 330 324 320 317 315 310 308 309 308 305 306 305 303 302 298 298 299 298 297 294 291 291 290 289 288 289 291 292 291 291 291 292 297 297 298 301 303 304 306 309 310 309 311 315 318 318 320 322 323 321 319 320 321
339 340 341 342 343 344 343 337 336 335 335 335 337 338 337 337 336 336 337 338 338 339 340 341 343 346 350 355 362 366 365 358 353 344 345 344 343 342 337 333 330 326 320 317 316 315 309 310 311 308 306 308 304 303 302 299 300 302 302 299 293 291 291 289 288 288 290 291 292 292 292 292 292 296 298 299 301 303 304 305 307 308 309 310 313 316 318 320 321 321 320 318 319 319
337 339 341 341 342 342 340 336 335 335 335 336 337 337 336 336 335 335 336 335 335 337 338 339 342 344 351 359 364 365 363 357 352 340 337 336 336 335 331 327 324 322 319 316 317 317 313 313 312 309 308 307 306 304 302 302 304 307 305 300 294 292 290 289 288 288 290 292 293 293 292 292 293 296 298 300 301 303 304 306 307 308 310 310 311 314 317 319 320 318 318 318 317 317
334 336 338 340 341 340 339 336 335 335 335 337 339 338 336 335 334 334 334 333 335 337 339 340 341 344 350 361 364 362 360 357 354 342 337 333 332 330 328 325 323 322 321 320 319 320 319 317 314 311 309 307 308 307 305 306 308 310 307 301 294 293 289 289 288 288 290 292 293 294 294 294 296 296 298 300 301 302 303 305 307 308 309 309 310 313 317 319 317 316 317 317 317 318
333 334 335 337 337 337 336 335 335 335 336 338 339 338 337 336 334 333 332 332 334 336 339 340 341 342 348 356 362 360 359 357 355 346 339 334 332 330 328 327 325 323 324 324 322 322 324 325 321 318 314 311 312 314 310 311 314 314 310 303 297 294 291 288 288 288 289 291 292 294 295 296 296 297 296 298 301 302 302 304 306 306 307 308 309 312 315 317 316 316 317 317 317 318
333 334 334 333 332 333 334 336 336 337 339 341 342 344 342 337 334 332 330 331 333 335 337 339 341 342 346 353 361 359 357 356 354 347 341 335 334 333 331 329 328 326 326 327 328 327 330 330 327 325 322 318 319 320 317 317 316 311 306 304 297 295 292 290 288 288 289 291 292 293 293 293 295 297 296 298 300 301 302 304 305 305 305 307 308 310 313 314 314 315 316 317 317 317
332 332 332 331 330 332 334 338 340 342 345 349 351 352 348 339 333 329 328 330 332 333 336 338 340 341 345 349 357 357 356 355 352 347 341 336 333 333 333 332 332 331 330 331 333 333 331 329 328 327 326 325 325 322 321 320 314 308 304 303 298 296 294 293 290 288 289 290 290 291 292 293 294 298 297 298 299 301 303 304 305 305 305 307 308 309 311 314 315 315 315 317 318 319
329 330 330 330 330 332 336 341 343 346 350 352 353 352 347 338 332 328 327 328 330 331 335 338 339 340 343 345 350 354 354 354 351 346 343 340 337 336 335 335 336 336 336 336 335 334 332 331 330 328 328 327 326 323 322 320 313 307 305 302 298 297 295 293 292 290 289 290 290 291 292 293 294 297 298 298 298 301 304 303 304 306 307 309 309 310 312 314 314 315 316 317 318 320
327 329 328 328 330 334 336 341 343 346 348 350 349 347 341 334 329 327 327 327 328 331 335 337 340 341 342 343 345 350 350 350 348 344 343 343 341 340 339 337 336 337 338 336 335 333 332 331 328 327 326 326 324 324 323 321 315 307 305 301 297 297 295 294 292 291 292 292 292 291 292 294 295 296 297 298 300 302 304 305 307 306 306 307 308 309 312 314 316 316 318 320 321 321
326 327 326 326 330 333 335 340 341 344 346 346 345 342 336 330 327 325 326 327 328 331 334 336 338 341 342 344 344 347 347 348 348 346 344 343 342 341 340 337 336 337 336 334 334 334 331 328 327 327 325 324 322 323 323 322 315 307 305 301 296 296 294 293 292 292 293 293 293 293 295 296 297 298 299 299 302 305 307 307 308 308 308 309 311 310 313 315 316 318 320 323 324 324
327 326 325 327 329 331 333 337 339 342 342 342 341 337 331 326 325 325 325 326 330 332 334 335 337 340 341 343 345 346 345 347 349 348 347 344 340 338 338 335 334 334 333 333 333 332 329 328 328 326 324 324 322 320 320 318 310 306 305 301 295 296 295 293 292 292 293 293 293 294 295 297 298 301 301 301 303 308 311 310 310 311 311 313 315 316 316 317 317 319 322 325 327 328
325 325 325 326 327 328 328 331 331 332 331 328 326 324 323 324 324 324 324 328 331 332 334 335 336 339 340 340 342 343 345 346 352 351 349 345 342 340 338 333 330 328 326 324 324 325 328 330 329 327 321 317 314 312 312 307 306 304 303 302 296 295 296 295 292 292 292 294 294 295 296 297 299 301 301 302 305 309 312 315 317 321 324 327 328 327 325 323 322 323 328 333 336 339
324 324 324 324 326 327 327 327 328 329 327 324 322 322 324 326 324 324 324 327 331 332 334 335 336 339 339 340 341 342 343 345 351 352 350 347 343 342 340 335 331 327 324 322 321 322 323 325 325 323 317 316 314 311 311 309 308 303 302 301 296 297 298 294 292 292 292 294 294 295 296 297 299 300 302 305 307 309 312 315 319 322 325 327 329 329 329 327 325 325 329 335 340 344
324 323 324 323 323 326 327 325 325 325 322 322 323 323 324 325 325 324 324 325 331 332 333 334 337 339 340 340 341 341 340 342 349 353 351 348 344 341 340 336 331 327 324 322 320 319 318 317 318 317 315 313 312 310 308 308 307 303 301 299 298 299 298 294 292 292 292 294 294 295 297 299 300 301 303 305 308 310 312 316 320 324 326 328 329 330 332 332 330 328 333 338 343 346
325 323 323 322 322 324 325 322 322 321 319 320 325 327 326 326 326 325 325 326 329 331 333 336 338 338 338 337 338 339 339 340 347 352 349 345 342 339 336 334 330 326 324 322 320 318 316 314 314 313 313 310 310 309 306 303 305 301 300 299 299 299 297 294 292 293 294 295 295 296 297 299 299 301 304 306 309 310 313 316 320 324 327 328 329 330 333 334 334 334 336 341 344 346
324 322 321 320 320 321 321 320 319 318 318 320 325 328 329 328 327 327 327 328 329 332 334 336 337 337 336 336 337 338 337 339 344 350 346 341 338 337 335 332 329 326 323 321 319 316 314 313 312 311 312 310 310 308 306 303 302 299 299 299 299 298 296 294 292 294 295 296 297 297 298 298 299 301 304 306 308 309 311 315 317 320 324 328 330 331 333 334 336 337 339 341 344 345
323 321 319 319 319 320 319 318 318 317 318 321 325 328 329 329 329 329 330 331 331 333 334 336 336 335 336 335 336 335 335 337 340 348 346 342 339 337 335 332 329 326 323 320 319 318 313 311 310 310 311 310 308 308 306 304 299 299 299 299 297 297 295 294 293 294 296 296 298 298 298 298 299 303 304 305 306 308 310 313 317 319 321 324 328 331 333 335 338 340 341 341 344 344
