shetran-prepare-snow/examples/84013-with-Storage-and-Forest/84013_MinDEM.asc
ncols         53
nrows         69
xllcorner     259000.0
yllcorner     601000.0
cellsize      1000.0
NODATA_value  -9999
[rows 0 to 35 of 69, columns 0 to 52 of 53]
-9999.00 -9999.00 -9999.00 -9999.00 -9999.00 -9999.00 -9999.00 -9999.00 -9999.00 -9999.00 -9999.00 -9999.00 -9999.00 -9999.00 -9999.00 -9999.00 -9999.00 -9999.00 -9999.00 -9999.00 -9999.00 -9999.00 -9999.00 -9999.00 207.00 218.00 212.00 207.00 -9999.00 -9999.00 -9999.00 -9999.00 -9999.00 -9999.00 -9999.00 -9999.00 -9999.00 -9999.00 -9999.00 -9999.00 -9999.00 -9999.00 -9999.00 -9999.00 -9999.00 -9999.00 -9999.00 -9999.00 -9999.00 -9999.00 -9999.00 -9999.00 -9999.00
-9999.00 -9999.00 -9999.00 -9999.00 -9999.00 -9999.00 -9999.00 -9999.00 -9999.00 -9999.00 -9999.00 -9999.00 -9999.00 -9999.00 -9999.00 103.00 148.00 -9999.00 187.00 189.00 191.00 171.00 173.00 189.00 193.00 193.00 197.00 201.00 -9999.00 -9999.00 -9999.00 -9999.00 -9999.00 -9999.00 -9999.00 -9999.00 -9999.00 -9999.00 -9999.00 -9999.00 -9999.00 -9999.00 -9999.00 -9999.00 -9999.00 -9999.00 -9999.00 -9999.00 -9999.00 -9999.00 -9999.00 -9999.00 -9999.00
-9999.00 -9999.00 -9999.00 -9999.00 -9999.00 -9999.00 -9999.00 -9999.00 -9999.00 -9999.00 -9999.00 -9999.00 -9999.00 -9999.00 84.00 97.00 127.00 152.00 168.00 179.00 159.00 159.00 166.00 175.00 193.00 193.00 193.00 195.00 -9999.00 -9999.00 -9999.00 -9999.00 -9999.00 -9999.00 -9999.00 -9999.00 -9999.00 -9999.00 -9999.00 -9999.00 -9999.00 -9999.00 -9999.00 -9999.00 -9999.00 -9999.00 -9999.00 -9999.00 -9999.00 -9999.00 -9999.00 -9999.00 -9999.00
-9999.00 -9999.00 -9999.00 -9999.00 -9999.00 -9999.00 -9999.00 -9999.00 -9999.00 -9999.00 -9999.00 -9999.00 -9999.00 81.00 84.00 92.00 98.00 134.00 149.00 149.00 136.00 159.00 193.00 200.00 198.00 200.00 199.00 -9999.00 -9999.00 -9999.00 -9999.00 -9999.00 -9999.00 -9999.00 -9999.00 -9999.00 -9999.00 -9999.00 -9999.00 -9999.00 -9999.00 -9999.00 -9999.00 -9999.00 -9999.00 -9999.00 -9999.00 -9999.00 -9999.00 -9999.00 -9999.00 -9999.00 -9999.00
-9999.00 -9999.00 -9999.00 -9999.00 -9999.00 -9999.00 -9999.00 -9999.00 -9999.00 -9999.00 -9999.00 76.00 73.00 76.00 80.00 90.00 99.00 122.00 134.00 136.00 136.00 191.00 195.00 206.00 228.00 233.00 -9999.00 -9999.00 -9999.00 -9999.00 -9999.00 -9999.00 -9999.00 -9999.00 -9999.00 -9999.00 -9999.00 -9999.00 -9999.00 -9999.00 -9999.00 -9999.00 -9999.00 -9999.00 -9999.00 -9999.00 -9999.00 -9999.00 -9999.00 -9999.00 -9999.00 -9999.00 -9999.00
-9999.00 -9999.00 -9999.00 -9999.00 -9999.00 -9999.00 -9999.00 -9999.00 -9999.00 57.00 -9999.00 45.00 52.00 69.00 79.00 78.00 77.00 116.00 105.00 116.00 132.00 190.00 208.00 207.00 -9999.00 -9999.00 -9999.00 -9999.00 -9999.00 -9999.00 -9999.00 -9999.00 -9999.00 -9999.00 -9999.00 -9999.00 -9999.00 -9999.00 -9999.00 -9999.00 -9999.00 -9999.00 -9999.00 -9999.00 -9999.00 -9999.00 -9999.00 -9999.00 -9999.00 -9999.00 -9999.00 -9999.00 -9999.00
-9999.00 -9999.00 -9999.00 -9999.00 -9999.00 -9999.00 -9999.00 -9999.00 -9999.00 17.00 21.00 27.00 34.00 60.00 80.00 64.00 70.00 76.00 94.00 105.00 129.00 191.00 201.00 217.00 227.00 240.00 244.00 -9999.00 -9999.00 -9999.00 -9999.00 -9999.00 -9999.00 -9999.00 -9999.00 -9999.00 -9999.00 -9999.00 -9999.00 -9999.00 -9999.00 -9999.00 -9999.00 -9999.00 -9999.00 -9999.00 -9999.00 -9999.00 -9999.00 -9999.00 -9999.00 -9999.00 -9999.00
-9999.00 -9999.00 -9999.00 -9999.00 -9999.00 -9999.00 -9999.00 -9999.00 -9999.00 12.00 40.00 39.00 35.00 43.00 48.00 62.00 73.00 77.00 87.00 125.00 137.00 168.00 188.00 218.00 229.00 242.00 261.00 -9999.00 -9999.00 -9999.00 -9999.00 -9999.00 -9999.00 -9999.00 -9999.00 -9999.00 -9999.00 -9999.00 -9999.00 -9999.00 -9999.00 -9999.00 -9999.00 -9999.00 -9999.00 -9999.00 -9999.00 -9999.00 -9999.00 -9999.00 -9999.00 -9999.00 -9999.00
-9999.00 -9999.00 -9999.00 -9999.00 -9999.00 -9999.00 -9999.00 -9999.00 9.00 10.00 17.00 36.00 44.00 52.00 49.00 59.00 76.00 91.00 120.00 140.00 159.00 170.00 174.00 198.00 227.00 245.00 237.00 229.00 -9999.00 -9999.00 230.00 238.00 -9999.00 -9999.00 -9999.00 -9999.00 -9999.00 -9999.00 -9999.00 -9999.00 -9999.00 -9999.00 -9999.00 -9999.00 -9999.00 -9999.00 -9999.00 -9999.00 -9999.00 -9999.00 -9999.00 -9999.00 -9999.00
-9999.00 -9999.00 -9999.00 -9999.00 -9999.00 -9999.00 -9999.00 -9999.00 -9999.00 13.00 16.00 37.00 36.00 58.00 60.00 59.00 76.00 88.00 110.00 138.00 149.00 159.00 169.00 189.00 225.00 225.00 218.00 198.00 209.00 208.00 218.00 237.00 -9999.00 -9999.00 -9999.00 -9999.00 -9999.00 -9999.00 -9999.00 -9999.00 -9999.00 -9999.00 -9999.00 -9999.00 -9999.00 -9999.00 -9999.00 -9999.00 -9999.00 -9999.00 -9999.00 -9999.00 -9999.00
-9999.00 -9999.00 -9999.00 -9999.00 -9999.00 -9999.00 -9999.00 -9999.00 22.00 14.00 37.00 36.00 26.00 39.00 38.00 38.00 64.00 89.00 104.00 123.00 143.00 148.00 154.00 189.00 208.00 181.00 179.00 167.00 179.00 200.00 231.00 -9999.00 -9999.00 -9999.00 -9999.00 -9999.00 -9999.00 -9999.00 -9999.00 -9999.00 -9999.00 -9999.00 -9999.00 -9999.00 -9999.00 -9999.00 -9999.00 -9999.00 -9999.00 -9999.00 -9999.00 -9999.00 -9999.00
-9999.00 -9999.00 -9999.00 -9999.00 -9999.00 -9999.00 -9999.00 58.00 33.00 15.00 15.00 18.00 19.00 21.00 25.00 40.00 46.00 77.00 98.00 98.00 121.00 120.00 140.00 159.00 158.00 141.00 149.00 163.00 199.00 223.00 -9999.00 -9999.00 -9999.00 -9999.00 -9999.00 -9999.00 -9999.00 -9999.00 -9999.00 -9999.00 -9999.00 -9999.00 -9999.00 -9999.00 -9999.00 -9999.00 -9999.00 -9999.00 -9999.00 -9999.00 -9999.00 -9999.00 -9999.00
-9999.00 -9999.00 -9999.00 -9999.00 -9999.00 141.00 122.00 83.00 48.00 59.00 17.00 17.00 18.00 19.00 21.00 45.00 52.00 56.00 65.00 72.00 87.00 94.00 104.00 115.00 132.00 138.00 172.00 188.00 218.00 230.00 -9999.00 -9999.00 -9999.00 -9999.00 -9999.00 309.00 307.00 313.00 302.00 -9999.00 267.00 262.00 -9999.00 -9999.00 -9999.00 -9999.00 -9999.00 -9999.00 -9999.00 -9999.00 -9999.00 -9999.00 -9999.00
-9999.00 -9999.00 -9999.00 165.00 152.00 139.00 109.00 76.00 63.00 66.00 49.00 39.00 27.00 21.00 21.00 25.00 65.00 73.00 76.00 78.00 86.00 133.00 140.00 123.00 127.00 159.00 188.00 204.00 226.00 240.00 -9999.00 -9999.00 -9999.00 -9999.00 -9999.00 287.00 281.00 299.00 276.00 264.00 253.00 246.00 -9999.00 -9999.00 -9999.00 -9999.00 -9999.00 -9999.00 -9999.00 -9999.00 -9999.00 -9999.00 -9999.00
-9999.00 -9999.00 -9999.00 -9999.00 152.00 148.00 139.00 106.00 118.00 77.00 67.00 60.00 39.00 25.00 22.00 22.00 27.00 58.00 91.00 106.00 109.00 138.00 157.00 139.00 145.00 156.00 171.00 197.00 218.00 260.00 -9999.00 -9999.00 -9999.00 280.00 290.00 270.00 270.00 263.00 253.00 237.00 236.00 243.00 266.00 269.00 282.00 -9999.00 -9999.00 -9999.00 -9999.00 -9999.00 -9999.00 -9999.00 -9999.00
-9999.00 -9999.00 -9999.00 -9999.00 -9999.00 158.00 124.00 124.00 169.00 133.00 88.00 70.00 56.00 27.00 25.00 23.00 24.00 24.00 43.00 105.00 109.00 138.00 157.00 146.00 148.00 159.00 180.00 195.00 215.00 240.00 265.00 -9999.00 279.00 266.00 265.00 257.00 236.00 238.00 248.00 226.00 235.00 259.00 259.00 268.00 292.00 319.00 340.00 367.00 353.00 389.00 393.00 -9999.00 -9999.00
-9999.00 -9999.00 -9999.00 -9999.00 -9999.00 -9999.00 140.00 189.00 182.00 149.00 137.00 104.00 95.00 68.00 28.00 40.00 25.00 24.00 26.00 34.00 109.00 97.00 92.00 137.00 149.00 158.00 189.00 216.00 241.00 270.00 277.00 284.00 280.00 247.00 230.00 220.00 223.00 241.00 237.00 219.00 227.00 260.00 255.00 259.00 279.00 319.00 349.00 369.00 345.00 324.00 -9999.00 -9999.00 -9999.00
-9999.00 -9999.00 -9999.00 -9999.00 186.00 168.00 155.00 183.00 199.00 200.00 187.00 148.00 126.00 106.00 38.00 41.00 57.00 38.00 27.00 28.00 30.00 64.00 98.00 151.00 151.00 157.00 192.00 229.00 266.00 280.00 279.00 262.00 257.00 225.00 217.00 217.00 225.00 248.00 219.00 215.00 219.00 259.00 252.00 256.00 304.00 334.00 360.00 334.00 333.00 292.00 341.00 -9999.00 -9999.00
-9999.00 -9999.00 -9999.00 -9999.00 196.00 180.00 176.00 205.00 212.00 213.00 202.00 181.00 149.00 136.00 108.00 44.00 52.00 81.00 74.00 29.00 28.00 32.00 116.00 150.00 156.00 171.00 199.00 229.00 257.00 259.00 254.00 244.00 229.00 217.00 214.00 217.00 245.00 238.00 213.00 213.00 223.00 249.00 246.00 260.00 294.00 304.00 330.00 330.00 308.00 286.00 280.00 -9999.00 -9999.00
-9999.00 -9999.00 -9999.00 188.00 194.00 192.00 199.00 206.00 214.00 223.00 208.00 188.00 166.00 130.00 106.00 72.00 58.00 100.00 98.00 76.00 30.00 32.00 59.00 79.00 137.00 160.00 178.00 202.00 239.00 251.00 257.00 240.00 229.00 217.00 212.00 234.00 233.00 217.00 211.00 213.00 223.00 237.00 238.00 259.00 271.00 300.00 337.00 327.00 282.00 269.00 256.00 253.00 -9999.00
-9999.00 -9999.00 -9999.00 198.00 199.00 200.00 199.00 216.00 232.00 227.00 219.00 190.00 169.00 158.00 128.00 107.00 65.00 79.00 119.00 113.00 95.00 36.00 36.00 85.00 139.00 169.00 195.00 220.00 233.00 265.00 261.00 247.00 227.00 215.00 209.00 208.00 207.00 208.00 209.00 217.00 233.00 238.00 231.00 229.00 234.00 258.00 277.00 300.00 247.00 230.00 226.00 239.00 227.00
-9999.00 -9999.00 -9999.00 230.00 226.00 227.00 231.00 236.00 229.00 229.00 229.00 208.00 199.00 189.00 160.00 131.00 130.00 87.00 135.00 130.00 118.00 40.00 37.00 43.00 132.00 180.00 197.00 223.00 246.00 238.00 238.00 254.00 227.00 217.00 209.00 205.00 206.00 208.00 211.00 211.00 232.00 228.00 210.00 210.00 230.00 247.00 221.00 220.00 218.00 218.00 222.00 -9999.00 -9999.00
-9999.00 -9999.00 -9999.00 266.00 251.00 249.00 250.00 246.00 230.00 222.00 236.00 213.00 208.00 186.00 108.00 101.00 91.00 94.00 158.00 150.00 139.00 133.00 47.00 44.00 68.00 119.00 161.00 210.00 225.00 219.00 220.00 244.00 230.00 209.00 203.00 204.00 213.00 216.00 208.00 209.00 228.00 212.00 206.00 210.00 239.00 216.00 213.00 214.00 216.00 218.00 -9999.00 -9999.00 -9999.00
-9999.00 -9999.00 310.00 309.00 285.00 270.00 268.00 243.00 232.00 218.00 206.00 210.00 180.00 145.00 107.00 107.00 127.00 112.00 140.00 163.00 147.00 117.00 63.00 46.00 49.00 77.00 104.00 164.00 199.00 170.00 204.00 220.00 216.00 200.00 201.00 198.00 201.00 199.00 204.00 216.00 220.00 201.00 203.00 231.00 213.00 210.00 211.00 215.00 224.00 309.00 -9999.00 -9999.00 -9999.00
-9999.00 319.00 287.00 280.00 268.00 260.00 256.00 250.00 233.00 216.00 182.00 183.00 163.00 128.00 118.00 150.00 130.00 131.00 136.00 170.00 152.00 86.00 74.00 51.00 50.00 87.00 112.00 122.00 125.00 126.00 153.00 169.00 194.00 197.00 189.00 193.00 189.00 189.00 193.00 198.00 188.00 198.00 207.00 210.00 204.00 207.00 214.00 244.00 350.00 -9999.00 -9999.00 -9999.00 -9999.00
280.00 280.00 263.00 269.00 253.00 240.00 243.00 240.00 222.00 197.00 180.00 155.00 135.00 129.00 139.00 172.00 170.00 161.00 144.00 153.00 140.00 89.00 125.00 150.00 56.00 57.00 68.00 93.00 110.00 143.00 196.00 207.00 190.00 188.00 181.00 183.00 183.00 184.00 185.00 187.00 188.00 191.00 195.00 198.00 202.00 240.00 252.00 -9999.00 -9999.00 -9999.00 -9999.00 -9999.00 -9999.00
259.00 250.00 240.00 221.00 213.00 204.00 203.00 223.00 191.00 174.00 184.00 148.00 141.00 189.00 204.00 209.00 191.00 187.00 163.00 167.00 148.00 103.00 152.00 179.00 166.00 89.00 86.00 92.00 93.00 136.00 201.00 194.00 186.00 181.00 182.00 182.00 183.00 186.00 185.00 190.00 198.00 205.00 206.00 217.00 227.00 236.00 246.00 -9999.00 -9999.00 -9999.00 -9999.00 -9999.00 -9999.00
-9999.00 239.00 231.00 221.00 219.00 210.00 189.00 188.00 163.00 158.00 153.00 145.00 155.00 185.00 193.00 201.00 207.00 198.00 187.00 177.00 156.00 117.00 127.00 194.00 195.00 171.00 178.00 167.00 94.00 106.00 155.00 196.00 180.00 179.00 193.00 214.00 198.00 197.00 187.00 187.00 216.00 228.00 274.00 269.00 -9999.00 -9999.00 -9999.00 -9999.00 -9999.00 -9999.00 -9999.00 -9999.00 -9999.00
-9999.00 235.00 234.00 239.00 236.00 213.00 182.00 172.00 167.00 188.00 193.00 188.00 194.00 209.00 203.00 201.00 213.00 212.00 210.00 194.00 188.00 155.00 134.00 160.00 208.00 232.00 227.00 196.00 139.00 113.00 177.00 175.00 174.00 178.00 190.00 243.00 240.00 211.00 189.00 187.00 204.00 219.00 239.00 -9999.00 -9999.00 -9999.00 -9999.00 -9999.00 -9999.00 -9999.00 -9999.00 -9999.00 -9999.00
247.00 252.00 258.00 249.00 218.00 198.00 176.00 175.00 195.00 193.00 224.00 248.00 247.00 271.00 244.00 225.00 221.00 246.00 245.00 220.00 209.00 187.00 145.00 193.00 206.00 239.00 219.00 197.00 190.00 156.00 171.00 174.00 189.00 195.00 193.00 213.00 262.00 213.00 208.00 189.00 192.00 210.00 239.00 -9999.00 -9999.00 -9999.00 -9999.00 -9999.00 -9999.00 -9999.00 -9999.00 -9999.00 -9999.00
-9999.00 -9999.00 -9999.00 213.00 197.00 187.00 179.00 179.00 216.00 221.00 239.00 279.00 324.00 290.00 257.00 241.00 269.00 265.00 257.00 250.00 256.00 198.00 161.00 200.00 209.00 221.00 225.00 209.00 205.00 189.00 170.00 177.00 195.00 247.00 208.00 213.00 212.00 202.00 199.00 191.00 222.00 236.00 282.00 -9999.00 -9999.00 -9999.00 -9999.00 -9999.00 -9999.00 -9999.00 -9999.00 -9999.00 -9999.00
-9999.00 -9999.00 -9999.00 214.00 188.00 185.00 182.00 195.00 239.00 260.00 279.00 280.00 329.00 305.00 265.00 279.00 275.00 251.00 245.00 263.00 277.00 211.00 172.00 203.00 210.00 230.00 209.00 200.00 177.00 173.00 173.00 198.00 199.00 210.00 215.00 210.00 205.00 199.00 191.00 191.00 218.00 242.00 261.00 -9999.00 -9999.00 -9999.00 -9999.00 -9999.00 -9999.00 -9999.00 -9999.00 -9999.00 -9999.00
-9999.00 -9999.00 -9999.00 196.00 190.00 188.00 199.00 247.00 285.00 340.00 324.00 322.00 308.00 296.00 287.00 290.00 267.00 257.00 237.00 228.00 206.00 195.00 187.00 215.00 213.00 230.00 200.00 184.00 175.00 175.00 199.00 209.00 224.00 227.00 246.00 223.00 218.00 213.00 196.00 193.00 194.00 196.00 226.00 200.00 -9999.00 -9999.00 -9999.00 -9999.00 -9999.00 -9999.00 -9999.00 -9999.00 -9999.00
-9999.00 -9999.00 195.00 195.00 194.00 195.00 200.00 239.00 298.00 359.00 339.00 331.00 322.00 329.00 327.00 287.00 288.00 266.00 247.00 237.00 209.00 218.00 216.00 212.00 203.00 216.00 182.00 176.00 176.00 219.00 226.00 230.00 260.00 241.00 243.00 241.00 250.00 255.00 228.00 212.00 195.00 196.00 196.00 197.00 -9999.00 -9999.00 -9999.00 -9999.00 -9999.00 -9999.00 -9999.00 -9999.00 -9999.00
-9999.00 -9999.00 207.00 218.00 228.00 219.00 207.00 229.00 329.00 358.00 346.00 392.00 368.00 356.00 321.00 321.00 316.00 291.00 256.00 236.00 227.00 223.00 215.00 211.00 191.00 186.00 181.00 176.00 187.00 229.00 250.00 282.00 260.00 260.00 274.00 297.00 311.00 301.00 257.00 228.00 211.00 206.00 198.00 -9999.00 -9999.00 -9999.00 -9999.00 -9999.00 -9999.00 -9999.00 -9999.00 -9999.00 -9999.00
249.00 240.00 222.00 259.00 265.00 237.00 231.00 251.00 255.00 285.00 317.00 389.00 -9999.00 385.00 340.00 348.00 309.00 279.00 264.00 257.00 257.00 234.00 230.00 211.00 194.00 187.00 186.00 176.00 210.00 244.00 280.00 308.00 306.00 310.00 340.00 348.00 390.00 325.00 246.00 218.00 201.00 199.00 199.00 -9999.00 -9999.00 -9999.00 -9999.00 -9999.00 -9999.00 -9999.00 -9999.00 -9999.00 -9999.00
