shetran-prepare-snow/examples/84013-with-Storage-and-Forest/84013_DEM.asc
ncols         53
nrows         69
xllcorner     259000.0
yllcorner     601000.0
cellsize      1000.0
NODATA_value  -9999
[rows 0 to 35 of 69, columns 0 to 52 of 53]
-9999.00 -9999.00 -9999.00 -9999.00 -9999.00 -9999.00 -9999.00 -9999.00 -9999.00 -9999.00 -9999.00 -9999.00 -9999.00 -9999.00 -9999.00 -9999.00 -9999.00 -9999.00 -9999.00 -9999.00 -9999.00 -9999.00 -9999.00 -9999.00 230.50 230.00 225.50 215.50 -9999.00 -9999.00 -9999.00 -9999.00 -9999.00 -9999.00 -9999.00 -9999.00 -9999.00 -9999.00 -9999.00 -9999.00 -9999.00 -9999.00 -9999.00 -9999.00 -9999.00 -9999.00 -9999.00 -9999.00 -9999.00 -9999.00 -9999.00 -9999.00 -9999.00
-9999.00 -9999.00 -9999.00 -9999.00 -9999.00 -9999.00 -9999.00 -9999.00 -9999.00 -9999.00 -9999.00 -9999.00 -9999.00 -9999.00 -9999.00 138.75 169.00 -9999.00 199.25 208.50 212.50 211.25 210.25 206.00 209.25 210.00 207.50 212.00 -9999.00 -9999.00 -9999.00 -9999.00 -9999.00 -9999.00 -9999.00 -9999.00 -9999.00 -9999.00 -9999.00 -9999.00 -9999.00 -9999.00 -9999.00 -9999.00 -9999.00 -9999.00 -9999.00 -9999.00 -9999.00 -9999.00 -9999.00 -9999.00 -9999.00
-9999.00 -9999.00 -9999.00 -9999.00 -9999.00 -9999.00 -9999.00 -9999.00 -9999.00 -9999.00 -9999.00 -9999.00 -9999.00 -9999.00 111.00 123.25 143.25 178.25 189.75 194.50 178.50 166.25 175.50 188.00 193.00 196.25 195.75 203.25 -9999.00 -9999.00 -9999.00 -9999.00 -9999.00 -9999.00 -9999.00 -9999.00 -9999.00 -9999.00 -9999.00 -9999.00 -9999.00 -9999.00 -9999.00 -9999.00 -9999.00 -9999.00 -9999.00 -9999.00 -9999.00 -9999.00 -9999.00 -9999.00 -9999.00
-9999.00 -9999.00 -9999.00 -9999.00 -9999.00 -9999.00 -9999.00 -9999.00 -9999.00 -9999.00 -9999.00 -9999.00 -9999.00 82.25 88.00 111.00 126.50 160.00 184.00 174.50 163.50 190.50 209.00 216.50 223.00 221.00 224.50 -9999.00 -9999.00 -9999.00 -9999.00 -9999.00 -9999.00 -9999.00 -9999.00 -9999.00 -9999.00 -9999.00 -9999.00 -9999.00 -9999.00 -9999.00 -9999.00 -9999.00 -9999.00 -9999.00 -9999.00 -9999.00 -9999.00 -9999.00 -9999.00 -9999.00 -9999.00
-9999.00 -9999.00 -9999.00 -9999.00 -9999.00 -9999.00 -9999.00 -9999.00 -9999.00 -9999.00 -9999.00 94.50 88.25 93.00 100.50 98.00 132.00 140.75 148.50 159.50 180.50 201.00 204.25 240.00 269.25 262.75 -9999.00 -9999.00 -9999.00 -9999.00 -9999.00 -9999.00 -9999.00 -9999.00 -9999.00 -9999.00 -9999.00 -9999.00 -9999.00 -9999.00 -9999.00 -9999.00 -9999.00 -9999.00 -9999.00 -9999.00 -9999.00 -9999.00 -9999.00 -9999.00 -9999.00 -9999.00 -9999.00
-9999.00 -9999.00 -9999.00 -9999.00 -9999.00 -9999.00 -9999.00 -9999.00 -9999.00 74.00 -9999.00 70.00 91.50 79.25 83.50 87.25 120.00 134.50 143.75 125.75 165.50 214.00 208.25 243.75 -9999.00 -9999.00 -9999.00 -9999.00 -9999.00 -9999.00 -9999.00 -9999.00 -9999.00 -9999.00 -9999.00 -9999.00 -9999.00 -9999.00 -9999.00 -9999.00 -9999.00 -9999.00 -9999.00 -9999.00 -9999.00 -9999.00 -9999.00 -9999.00 -9999.00 -9999.00 -9999.00 -9999.00 -9999.00
-9999.00 -9999.00 -9999.00 -9999.00 -9999.00 -9999.00 -9999.00 -9999.00 -9999.00 54.25 51.75 55.50 70.75 87.00 101.50 88.75 93.00 113.25 104.50 120.75 172.50 200.50 228.50 221.00 254.00 283.00 264.25 -9999.00 -9999.00 -9999.00 -9999.00 -9999.00 -9999.00 -9999.00 -9999.00 -9999.00 -9999.00 -9999.00 -9999.00 -9999.00 -9999.00 -9999.00 -9999.00 -9999.00 -9999.00 -9999.00 -9999.00 -9999.00 -9999.00 -9999.00 -9999.00 -9999.00 -9999.00
-9999.00 -9999.00 -9999.00 -9999.00 -9999.00 -9999.00 -9999.00 -9999.00 -9999.00 39.50 55.50 57.50 59.25 57.50 75.75 85.75 81.50 85.75 118.00 154.50 166.00 183.75 210.25 239.25 240.00 269.50 269.50 -9999.00 -9999.00 -9999.00 -9999.00 -9999.00 -9999.00 -9999.00 -9999.00 -9999.00 -9999.00 -9999.00 -9999.00 -9999.00 -9999.00 -9999.00 -9999.00 -9999.00 -9999.00 -9999.00 -9999.00 -9999.00 -9999.00 -9999.00 -9999.00 -9999.00 -9999.00
-9999.00 -9999.00 -9999.00 -9999.00 -9999.00 -9999.00 -9999.00 -9999.00 12.75 11.00 40.50 70.25 63.25 62.75 60.75 68.00 86.00 109.25 133.00 158.25 171.00 178.75 190.50 238.25 244.50 267.50 266.50 246.25 -9999.00 -9999.00 255.50 262.25 -9999.00 -9999.00 -9999.00 -9999.00 -9999.00 -9999.00 -9999.00 -9999.00 -9999.00 -9999.00 -9999.00 -9999.00 -9999.00 -9999.00 -9999.00 -9999.00 -9999.00 -9999.00 -9999.00 -9999.00 -9999.00
-9999.00 -9999.00 -9999.00 -9999.00 -9999.00 -9999.00 -9999.00 -9999.00 -9999.00 29.25 40.50 39.50 60.50 72.50 69.50 76.00 80.75 104.50 130.00 153.00 161.75 163.75 180.25 228.00 243.00 249.75 252.25 221.25 225.50 220.25 230.00 250.25 -9999.00 -9999.00 -9999.00 -9999.00 -9999.00 -9999.00 -9999.00 -9999.00 -9999.00 -9999.00 -9999.00 -9999.00 -9999.00 -9999.00 -9999.00 -9999.00 -9999.00 -9999.00 -9999.00 -9999.00 -9999.00
-9999.00 -9999.00 -9999.00 -9999.00 -9999.00 -9999.00 -9999.00 -9999.00 47.75 43.75 43.25 40.25 40.75 68.50 68.75 59.50 100.00 99.50 120.50 147.00 149.75 170.00 177.50 206.75 224.00 218.00 200.75 188.75 186.50 227.25 249.00 -9999.00 -9999.00 -9999.00 -9999.00 -9999.00 -9999.00 -9999.00 -9999.00 -9999.00 -9999.00 -9999.00 -9999.00 -9999.00 -9999.00 -9999.00 -9999.00 -9999.00 -9999.00 -9999.00 -9999.00 -9999.00 -9999.00
-9999.00 -9999.00 -9999.00 -9999.00 -9999.00 -9999.00 -9999.00 85.00 59.50 53.50 30.25 56.75 23.50 41.25 61.00 69.75 69.50 111.75 111.25 137.25 136.00 150.00 170.75 189.75 200.00 161.75 156.75 185.75 219.25 230.25 -9999.00 -9999.00 -9999.00 -9999.00 -9999.00 -9999.00 -9999.00 -9999.00 -9999.00 -9999.00 -9999.00 -9999.00 -9999.00 -9999.00 -9999.00 -9999.00 -9999.00 -9999.00 -9999.00 -9999.00 -9999.00 -9999.00 -9999.00
-9999.00 -9999.00 -9999.00 -9999.00 -9999.00 163.00 129.00 121.25 82.25 70.50 52.25 49.50 40.50 21.00 44.50 67.00 73.50 58.75 91.75 80.75 116.25 101.00 135.25 137.50 150.00 163.25 188.25 212.50 228.50 240.25 -9999.00 -9999.00 -9999.00 -9999.00 -9999.00 351.00 324.75 341.75 355.25 -9999.00 295.75 272.00 -9999.00 -9999.00 -9999.00 -9999.00 -9999.00 -9999.00 -9999.00 -9999.00 -9999.00 -9999.00 -9999.00
-9999.00 -9999.00 -9999.00 199.00 190.00 168.00 132.00 101.75 106.75 77.50 56.75 55.00 57.75 26.50 21.25 50.50 82.75 84.50 85.75 109.50 111.25 140.50 153.00 147.75 138.25 180.25 213.00 218.00 234.50 253.00 -9999.00 -9999.00 -9999.00 -9999.00 -9999.00 311.25 311.25 316.50 319.00 279.25 267.25 261.25 -9999.00 -9999.00 -9999.00 -9999.00 -9999.00 -9999.00 -9999.00 -9999.00 -9999.00 -9999.00 -9999.00
-9999.00 -9999.00 -9999.00 -9999.00 158.50 159.75 158.25 146.25 155.75 112.50 84.00 67.00 58.50 44.00 24.00 28.25 74.25 72.75 102.25 120.75 132.25 148.25 160.25 150.00 159.00 170.25 189.75 221.00 248.75 268.25 -9999.00 -9999.00 -9999.00 299.25 324.50 287.25 297.25 311.25 279.75 250.75 248.75 251.25 289.50 278.50 296.00 -9999.00 -9999.00 -9999.00 -9999.00 -9999.00 -9999.00 -9999.00 -9999.00
-9999.00 -9999.00 -9999.00 -9999.00 -9999.00 176.75 159.25 189.00 197.00 177.00 130.25 91.50 86.00 68.75 43.75 45.00 24.75 54.00 100.00 109.50 118.25 154.00 161.25 159.00 165.00 173.25 200.75 222.00 227.75 260.75 272.50 -9999.00 289.50 278.50 285.00 282.00 270.25 244.25 266.00 242.00 256.50 271.00 272.75 282.50 319.25 334.50 357.75 398.50 384.00 441.75 451.25 -9999.00 -9999.00
-9999.00 -9999.00 -9999.00 -9999.00 -9999.00 -9999.00 148.25 207.25 198.00 194.00 189.25 154.00 123.50 90.50 54.50 90.75 55.25 28.50 36.00 103.25 128.50 140.50 157.75 150.00 160.25 190.50 202.00 235.50 271.25 281.75 301.50 297.00 302.00 273.25 270.25 260.25 230.25 269.25 268.25 230.00 262.00 270.00 257.50 273.75 303.75 331.25 361.00 395.00 394.00 351.00 -9999.00 -9999.00 -9999.00
-9999.00 -9999.00 -9999.00 -9999.00 203.25 188.00 190.25 201.50 203.00 227.50 206.00 190.00 159.00 139.25 102.75 102.25 94.00 80.50 45.75 33.00 109.00 90.00 153.00 162.50 153.00 169.75 207.00 268.00 285.00 301.50 297.50 269.75 279.75 240.00 230.00 218.50 239.25 271.00 257.00 227.25 245.00 272.50 259.25 284.00 329.25 346.25 394.50 378.75 385.50 337.25 411.75 -9999.00 -9999.00
-9999.00 -9999.00 -9999.00 -9999.00 207.00 188.25 211.25 209.75 222.75 226.00 225.00 198.75 182.25 159.25 129.75 112.00 60.75 105.00 100.25 73.50 42.50 96.25 149.75 194.00 172.00 183.50 217.25 253.25 271.25 279.00 287.75 256.50 268.50 230.00 220.00 229.50 256.50 279.75 238.50 216.25 260.00 267.00 283.00 293.25 345.25 334.50 363.75 385.75 319.25 320.00 310.50 -9999.00 -9999.00
-9999.00 -9999.00 -9999.00 210.50 208.00 199.00 208.00 210.25 223.25 228.00 226.50 205.00 184.75 150.75 119.75 81.50 96.00 120.00 117.00 108.50 79.25 34.00 125.00 144.25 164.00 194.50 204.50 235.50 263.50 255.25 272.00 249.50 247.00 229.00 214.75 246.00 271.00 256.50 215.75 216.25 235.00 271.00 244.00 279.75 290.00 318.50 357.00 382.50 298.00 291.75 280.00 294.00 -9999.00
-9999.00 -9999.00 -9999.00 216.75 218.50 220.50 231.50 238.50 248.00 240.25 230.25 210.00 198.00 179.00 156.00 141.50 129.50 136.25 139.75 129.00 115.25 83.25 82.25 152.50 162.25 194.00 215.50 236.50 247.75 297.25 275.00 290.50 242.75 234.25 212.00 228.50 232.25 210.00 214.00 220.25 259.75 279.25 245.75 259.00 286.00 306.75 327.25 345.00 352.00 268.50 257.50 269.25 353.25
-9999.00 -9999.00 -9999.00 240.75 242.50 241.00 237.25 238.00 232.50 239.25 244.50 230.50 220.00 211.00 190.50 153.50 143.25 126.75 146.75 143.25 128.75 136.75 48.00 98.75 167.75 189.50 221.75 249.75 249.25 280.00 299.00 266.00 251.25 223.00 218.75 207.00 210.75 214.75 218.00 218.25 261.00 257.00 228.00 224.50 242.75 259.75 257.00 267.75 233.00 230.00 242.00 -9999.00 -9999.00
-9999.00 -9999.00 -9999.00 302.00 274.00 272.75 269.75 255.75 239.50 236.50 240.00 231.50 229.00 213.75 184.50 153.00 98.00 134.50 170.25 160.25 145.50 146.50 135.25 45.50 142.00 177.00 204.25 233.25 258.50 240.50 242.75 280.50 251.50 219.25 211.25 209.00 227.75 219.00 212.50 216.50 244.75 269.50 209.50 228.00 248.50 250.00 218.25 215.00 217.00 253.00 -9999.00 -9999.00 -9999.00
-9999.00 -9999.00 339.00 326.75 315.50 280.75 275.00 258.25 240.25 231.25 233.50 226.50 203.00 188.25 146.00 150.50 138.00 144.25 175.25 172.00 157.50 145.50 106.00 74.75 83.00 99.50 129.75 210.75 228.25 216.00 217.50 251.75 230.50 213.75 212.50 207.50 217.50 208.50 210.50 233.00 231.25 220.25 219.25 244.00 252.00 213.00 214.25 237.25 283.00 465.00 -9999.00 -9999.00 -9999.00
-9999.00 344.00 313.25 300.75 290.50 269.00 275.50 261.75 242.75 229.50 208.25 213.25 202.50 159.50 133.75 162.50 149.75 158.25 158.00 183.75 178.25 154.75 84.50 149.75 55.50 158.50 169.25 211.00 211.50 172.00 161.00 201.25 197.75 210.00 198.50 200.75 198.50 199.75 201.75 218.75 225.25 219.75 221.50 249.50 217.25 226.75 255.50 331.00 433.75 -9999.00 -9999.00 -9999.00 -9999.00
332.00 305.00 292.00 279.50 269.25 254.00 254.75 250.50 245.25 222.50 197.75 173.50 159.50 135.75 183.75 201.00 185.00 193.75 175.75 158.75 169.75 163.50 147.75 179.00 162.50 83.25 166.50 130.75 158.50 194.50 231.75 230.00 208.25 211.00 189.50 209.00 195.50 186.00 188.00 189.25 197.50 194.00 201.00 204.00 210.75 260.00 299.75 -9999.00 -9999.00 -9999.00 -9999.00 -9999.00 -9999.00
270.25 266.00 266.25 265.75 251.00 221.75 234.75 238.75 208.75 196.50 199.25 198.00 148.25 212.50 224.00 232.50 225.25 200.25 189.00 177.00 169.00 119.00 171.25 201.00 234.75 168.25 141.50 163.75 131.75 212.00 218.00 203.75 193.00 182.00 187.25 192.00 204.25 200.25 187.50 203.25 211.50 220.25 230.50 240.50 241.50 270.50 278.75 -9999.00 -9999.00 -9999.00 -9999.00 -9999.00 -9999.00
-9999.00 251.00 248.75 233.25 243.25 249.50 214.00 224.50 191.50 161.50 184.50 182.25 190.00 191.00 195.25 236.00 220.50 207.50 214.25 195.50 200.50 154.50 171.75 204.75 228.00 221.25 242.00 210.50 164.00 158.00 184.25 212.50 201.00 192.25 205.75 226.25 206.75 209.50 189.50 205.00 226.25 260.25 287.75 289.75 -9999.00 -9999.00 -9999.00 -9999.00 -9999.00 -9999.00 -9999.00 -9999.00 -9999.00
-9999.00 241.50 251.50 251.50 250.00 240.75 212.25 184.75 178.50 202.00 208.00 214.50 222.00 230.50 223.50 221.50 236.25 228.25 221.75 232.75 211.25 185.50 157.50 187.50 300.50 260.00 256.75 228.00 200.25 138.25 190.00 210.25 178.50 189.00 216.50 308.00 296.00 235.25 203.75 188.00 230.00 258.50 267.25 -9999.00 -9999.00 -9999.00 -9999.00 -9999.00 -9999.00 -9999.00 -9999.00 -9999.00 -9999.00
261.50 267.75 275.50 258.50 241.00 221.00 190.00 203.50 210.50 218.50 265.25 289.75 302.75 322.75 294.50 254.00 261.75 280.75 276.75 245.75 229.75 227.50 155.00 208.75 240.75 306.75 260.50 211.00 200.25 183.75 209.00 183.50 206.00 232.75 204.00 295.25 298.50 241.00 237.50 195.00 202.50 237.25 265.50 -9999.00 -9999.00 -9999.00 -9999.00 -9999.00 -9999.00 -9999.00 -9999.00 -9999.00 -9999.00
-9999.00 -9999.00 -9999.00 240.25 224.00 195.50 188.50 189.75 233.75 241.50 255.25 314.25 358.75 319.00 296.25 282.75 288.00 274.50 289.00 302.75 301.00 248.00 192.00 220.75 216.50 226.75 243.00 229.25 209.00 210.00 181.25 207.75 233.50 301.50 314.00 219.25 287.75 227.00 208.50 191.25 238.75 267.50 361.25 -9999.00 -9999.00 -9999.00 -9999.00 -9999.00 -9999.00 -9999.00 -9999.00 -9999.00 -9999.00
-9999.00 -9999.00 -9999.00 229.00 209.50 186.25 198.50 233.25 270.75 326.50 313.00 318.25 347.75 330.50 288.75 296.75 335.75 295.25 268.75 279.75 318.25 247.75 185.75 212.75 227.00 258.00 235.00 236.75 220.00 174.25 196.50 225.50 230.50 224.25 219.25 233.00 210.75 203.25 197.50 234.75 226.75 304.50 333.50 -9999.00 -9999.00 -9999.00 -9999.00 -9999.00 -9999.00 -9999.00 -9999.00 -9999.00 -9999.00
-9999.00 -9999.00 -9999.00 219.25 193.00 191.50 243.00 275.50 340.75 392.75 336.00 331.25 319.50 317.50 330.00 320.00 301.25 279.25 263.75 284.25 275.50 207.75 210.25 232.50 223.25 250.25 238.50 191.00 191.00 208.25 242.00 219.50 284.75 238.00 269.25 233.25 231.50 221.50 227.50 212.25 197.50 242.00 249.00 261.50 -9999.00 -9999.00 -9999.00 -9999.00 -9999.00 -9999.00 -9999.00 -9999.00 -9999.00
-9999.00 -9999.00 213.25 199.50 208.00 207.50 221.25 276.00 353.50 409.75 411.75 379.00 351.25 373.50 365.25 319.75 318.75 326.00 283.00 284.25 219.25 231.25 227.50 216.00 213.00 248.75 229.50 181.25 185.25 239.50 274.75 268.00 335.50 251.00 256.25 267.75 284.50 294.50 266.50 229.50 230.25 196.50 197.75 205.00 -9999.00 -9999.00 -9999.00 -9999.00 -9999.00 -9999.00 -9999.00 -9999.00 -9999.00
-9999.00 -9999.00 218.75 259.00 277.75 248.75 214.50 291.25 440.75 406.75 396.25 455.75 418.75 375.00 359.75 353.00 360.25 322.25 328.25 268.00 272.50 230.00 220.25 215.25 210.00 213.00 190.50 177.25 200.25 254.25 283.00 333.50 274.00 292.25 295.25 399.75 474.50 353.25 294.00 245.50 219.25 209.00 200.50 -9999.00 -9999.00 -9999.00 -9999.00 -9999.00 -9999.00 -9999.00 -9999.00 -9999.00 -9999.00
277.25 259.75 263.00 295.50 313.00 268.75 270.00 267.00 343.25 352.50 354.75 432.25 -9999.00 410.00 359.00 401.00 396.50 305.50 282.50 271.75 270.75 267.50 248.50 234.75 200.25 199.00 205.25 179.75 256.00 267.00 300.50 331.75 381.75 375.00 478.50 508.50 657.00 581.75 370.75 235.75 246.50 201.25 203.25 -9999.00 -9999.00 -9999.00 -9999.00 -9999.00 -9999.00 -9999.00 -9999.00 -9999.00 -9999.00
