shetran-prepare-snow/examples/84013-with-Storage-and-Forest/84013_NFM_forest.asc
ncols        53
nrows        69
xllcorner    259000.000000000000
yllcorner    601000.000000000000
cellsize     1000.000000000000
NODATA_value 2147483647
 26 0 39 0 70 70 67 47 30 24 45 30 41 68 34 80 64 18 18 18 24 9 0 9 43 9 9 30 0 9 15 9 24 17 0 9 9 9 9 24 58 24 0 0 15 0 0 0 33 9 9 15 0
 9 9 15 15 18 15 18 0 17 0 18 18 45 18 27 76 46 48 0 17 33 68 42 30 15 33 9 15 9 0 0 18 34 9 0 0 0 0 0 18 0 0 0 0 0 0 0 0 0 0 0 0 0
 9 0 0 0 9 15 0 24 45 9 9 9 15 24 50 66 54 45 21 27 9 74 18 9 9 9 0 0 0 35 36 35 18 30 9 0 0 0 0 0 0 0 0 0 0 0 0 0 0 0 0 0 0
 0 0 9 27 17 18 18 24 9 9 0 0 0 15 46 9 24 18 33 62 39 76 15 9 0 0 0 0 0 0 9 0 9 0 45 9 0 0 0 0 0 0 0 0 0 0 0 0 18 0 9 0 0
 0 0 0 9 0 27 0 0 0 0 0 0 0 0 0 0 9 0 0 9 0 30 24 15 0 9 9 24 58 21 9 0 0 0 0 0 0 0 0 0 0 0 0 0 0 0 0 0 9 0 0 30 30
 0 0 0 0 0 9 0 0 0 0 0 0 0 0 0 0 0 0 9 9 0 9 18 33 0 0 64 0 9 74 18 27 44 0 0 0 0 0 0 0 0 0 9 32 18 24 0 15 27 9 60 30 0
 0 0 0 0 0 0 0 0 0 18 9 26 0 0 0 0 0 0 0 9 56 0 18 0 42 54 48 39 41 26 27 9 9 9 17 24 24 41 9 9 9 27 42 24 0 9 44 39 15 0 9 0 9
 0 0 0 0 0 0 0 0 0 17 18 0 9 0 0 0 0 9 0 18 24 18 61 15 24 61 9 15 9 27 0 0 0 9 0 27 33 15 24 45 0 9 42 76 51 25 0 0 0 0 0 9 0
 0 0 0 0 0 0 0 0 0 0 0 0 0 0 0 0 0 0 9 41 39 76 74 9 27 72 24 9 24 9 0 0 15 30 0 33 45 54 9 0 17 80 62 55 27 0 0 9 0 9 0 9 0
 15 9 0 0 0 0 0 0 0 0 0 0 0 0 0 0 0 18 18 18 50 39 54 68 0 30 45 9 0 9 39 0 36 27 40 70 68 42 58 30 63 68 36 0 9 0 9 54 18 26 24 0 0
 27 30 27 9 0 15 0 0 0 0 0 0 0 0 0 9 18 0 0 18 41 48 64 18 17 39 48 33 24 0 0 15 9 9 48 15 0 0 9 0 0 36 9 24 9 24 0 9 0 0 0 0 18
 39 44 43 39 66 92 18 0 9 0 0 0 0 0 9 0 30 15 0 51 47 27 88 49 9 62 48 33 0 9 9 9 39 60 0 36 0 9 0 0 0 0 0 0 9 0 0 9 18 39 15 39 9
 49 62 30 60 0 48 45 67 54 0 0 0 0 0 0 0 0 18 15 33 50 55 57 30 55 0 24 0 0 15 0 0 9 9 9 9 9 0 0 0 24 9 21 15 9 9 9 72 96 88 80 30 0
 92 70 74 80 18 27 55 45 35 0 0 0 0 0 0 0 0 0 9 18 44 9 39 30 18 18 27 24 0 0 0 0 0 0 0 0 0 0 9 0 18 18 18 0 0 9 18 18 60 80 24 0 9
 18 30 9 24 9 0 0 26 15 18 0 0 0 0 0 0 0 15 0 0 9 0 51 18 25 34 30 0 9 0 0 0 0 42 54 18 0 45 48 27 24 45 30 9 0 24 9 0 66 76 58 24 76
 61 9 0 0 9 9 15 64 18 48 9 0 0 0 9 0 0 0 9 0 9 18 33 18 0 15 0 0 9 9 0 0 0 56 38 15 60 45 45 39 24 9 18 24 0 0 0 0 9 0 0 0 64
 39 24 0 18 18 0 59 64 72 62 55 27 0 9 0 0 39 0 0 33 9 9 9 0 0 0 0 0 0 0 0 0 0 24 39 54 70 39 46 64 39 0 0 0 0 9 9 0 0 0 0 0 0
 41 57 9 27 0 9 9 46 58 72 30 45 57 18 24 27 0 26 0 0 0 39 9 0 0 0 9 0 0 0 9 9 18 30 35 9 56 36 24 30 30 0 0 0 15 15 30 0 9 68 54 9 0
 18 55 33 9 9 33 45 30 33 50 60 9 41 24 0 18 15 0 9 0 9 9 0 25 9 0 0 0 0 9 50 18 82 51 0 42 26 55 70 15 0 0 0 0 66 18 0 0 0 0 9 48 42
 66 88 33 57 0 48 39 74 45 36 82 62 43 64 15 24 9 0 9 15 39 15 0 9 32 0 9 0 0 0 0 9 36 9 27 33 55 51 18 0 0 0 0 33 30 0 0 0 0 0 0 0 0
 80 86 86 76 47 47 55 46 100 30 36 24 30 72 45 0 0 0 0 9 0 18 33 9 0 0 0 9 0 0 0 51 9 30 0 64 52 24 0 9 0 0 0 0 0 0 0 15 15 0 0 0 9
 21 54 96 72 76 49 76 55 96 33 15 35 54 48 39 18 0 18 0 9 0 24 15 0 0 0 9 0 9 18 15 15 15 18 18 0 0 9 0 0 9 18 0 0 0 9 18 0 0 0 0 0 9
 96 96 61 90 100 86 92 36 55 66 0 0 33 9 24 0 9 24 0 0 0 0 38 15 0 18 9 0 17 21 0 9 0 15 0 7 0 0 0 0 0 24 0 0 0 9 9 0 0 0 0 0 0
 80 47 64 48 86 55 84 39 9 80 36 0 33 82 18 0 0 41 30 0 0 0 27 15 0 45 9 15 9 41 26 9 17 9 0 0 0 0 0 0 0 0 0 0 0 0 0 9 0 30 66 0 0
 67 84 74 57 78 76 45 76 30 0 0 0 0 0 0 0 34 9 35 39 9 18 15 26 24 48 9 9 0 0 0 0 0 0 0 0 0 0 0 0 0 0 0 0 0 0 0 18 9 56 17 0 0
 84 96 92 84 84 80 54 49 51 9 0 0 9 0 70 18 18 17 0 49 36 33 9 0 41 18 51 30 0 0 0 0 0 0 0 0 0 0 0 0 0 0 0 0 0 0 33 53 70 9 0 0 0
 66 61 96 100 82 96 65 64 60 60 9 39 60 30 9 33 18 0 0 0 0 0 32 18 34 51 24 0 0 0 0 0 0 0 0 0 0 0 0 0 0 0 0 0 0 24 9 26 0 15 9 9 9
 45 86 100 61 70 96 72 0 35 0 36 30 15 0 0 15 0 9 0 0 0 0 0 30 24 9 0 0 0 0 0 0 0 0 0 0 0 0 0 0 0 0 0 0 9 9 0 0 0 9 0 36 0
 35 58 78 54 27 92 30 0 0 21 64 15 0 0 0 0 0 24 18 9 0 0 0 45 30 24 0 0 0 0 0 0 0 0 9 9 0 24 9 0 0 0 0 0 0 0 0 0 0 0 0 0 0
 56 90 96 100 100 96 9 0 36 53 82 57 34 24 0 0 80 41 9 30 64 48 0 0 24 9 0 0 0 0 0 0 0 15 15 9 0 9 0 0 0 0 0 0 0 0 0 0 0 9 0 9 0
 86 84 92 52 45 24 0 0 48 48 18 18 9 54 62 30 18 18 0 0 76 66 18 9 0 0 0 0 0 0 0 0 45 0 30 9 33 0 0 0 0 0 0 18 0 0 0 0 0 0 0 0 9
 82 100 88 39 54 0 18 92 84 72 80 76 74 92 96 33 36 47 0 49 36 78 39 0 0 0 0 0 0 0 0 0 24 26 60 30 0 0 0 0 9 18 27 27 0 0 0 0 0 0 0 17 9
 24 30 15 0 0 0 39 18 86 100 96 63 86 100 100 86 100 30 0 39 78 46 21 18 0 0 0 0 0 0 0 24 15 61 64 0 0 0 0 0 0 9 24 0 0 0 0 0 0 0 0 18 18
 18 27 33 0 0 9 18 60 92 96 100 100 86 100 100 96 100 45 9 64 39 9 42 0 9 9 0 0 0 0 0 33 9 15 0 0 30 15 9 0 0 0 0 0 0 0 0 0 0 9 0 0 0
 18 21 60 66 96 100 55 9 72 64 100 96 100 100 100 92 30 39 24 45 0 0 30 45 9 0 0 0 0 0 0 0 0 18 66 66 74 64 55 0 0 0 0 0 0 0 0 0 0 0 0 27 0
 100 100 100 82 92 45 15 0 0 61 100 100 100 100 100 100 66 76 24 30 0 39 42 15 0 0 0 0 18 0 9 0 0 15 33 49 70 64 35 0 0 0 0 0 0 17 0 9 45 62 36 0 9
 100 100 96 100 100 96 96 30 42 80 100 100 100 100 100 100 75 60 90 50 9 0 0 0 0 0 0 0 0 9 9 0 15 9 0 0 33 80 45 0 0 0 0 0 0 9 9 24 9 0 15 18 9
 100 100 96 100 100 100 100 100 96 82 100 100 100 100 100 92 45 76 57 48 49 27 21 18 9 0 0 48 0 9 18 43 15 18 26 27 0 9 0 0 0 9 9 0 26 26 0 27 9 0 0 0 9
 100 100 100 100 100 100 100 92 100 74 9 92 96 100 96 27 30 18 63 90 86 62 78 18 15 0 9 9 9 60 0 0 9 0 9 24 9 0 0 0 18 9 9 0 0 15 70 92 24 9 9 24 60
 96 100 100 100 90 96 100 100 100 96 48 9 74 76 43 70 60 74 86 82 96 45 49 15 0 24 0 33 0 9 24 39 15 15 18 0 27 0 18 0 0 0 42 39 9 30 68 57 35 15 82 100 54
 96 100 100 80 55 71 92 100 86 26 80 51 0 82 80 24 86 96 82 100 36 30 48 0 55 9 9 9 0 0 0 0 55 27 47 45 39 35 9 30 0 33 9 9 24 18 65 84 30 58 70 51 59
 70 35 45 76 76 57 76 66 66 35 86 72 86 45 21 33 78 100 92 90 9 9 9 0 9 9 0 0 0 0 15 9 26 39 27 58 30 0 32 0 0 24 27 64 75 96 84 27 80 86 72 62 56
 30 9 24 24 9 42 92 92 88 47 18 80 70 54 96 80 90 92 100 86 43 0 9 0 0 0 0 48 18 9 0 41 39 33 9 0 9 0 0 0 18 34 34 100 77 64 100 96 96 100 53 51 24
 55 18 18 15 34 15 0 33 18 9 60 74 76 96 82 82 100 66 80 65 49 0 0 0 0 0 39 18 0 34 18 39 39 51 18 0 9 18 9 18 80 100 92 92 100 96 100 100 96 54 39 39 15
 42 15 0 9 9 9 15 0 24 61 70 80 100 100 100 100 80 30 27 80 25 0 0 24 27 0 9 0 24 63 18 24 18 18 18 9 15 9 45 53 86 96 100 96 100 100 100 100 90 60 86 45 18
 18 0 0 0 33 49 54 30 9 76 100 100 100 100 100 96 51 64 65 30 70 54 24 9 33 18 18 0 18 0 0 9 33 36 18 9 70 100 76 59 88 96 76 64 100 100 96 100 92 92 45 24 76
 9 0 0 30 24 58 45 30 82 30 80 100 90 96 96 100 55 30 41 86 100 51 17 0 21 30 33 15 18 15 27 70 54 41 18 70 60 82 59 40 30 63 9 92 96 100 100 100 66 15 30 0 18
 9 0 39 70 43 88 36 80 92 90 100 96 100 100 100 96 72 76 57 86 100 55 9 0 33 9 9 0 9 9 21 33 9 49 39 66 27 30 17 47 35 9 70 96 72 92 61 0 15 30 66 33 51
 32 34 64 70 15 68 100 100 100 100 96 84 100 100 100 66 96 100 61 96 66 80 63 15 17 9 0 18 30 51 27 47 18 24 27 17 0 9 9 39 59 96 45 54 86 92 55 47 72 60 45 96 78
 9 9 62 66 74 42 26 70 100 96 96 86 72 96 66 92 92 65 100 70 82 39 0 67 33 54 17 66 18 0 36 96 70 52 24 0 0 0 9 38 59 100 70 96 100 100 86 9 0 18 90 88 78
 80 59 0 74 80 86 80 42 80 100 100 100 100 100 100 45 96 92 82 84 80 67 33 86 88 30 0 9 26 30 70 100 96 96 71 30 9 9 9 90 55 64 92 92 96 36 24 0 86 96 84 92 96
 100 24 0 74 82 39 68 18 86 100 100 100 84 74 74 67 92 82 100 86 86 96 70 68 92 42 0 70 96 72 86 100 100 90 96 30 45 48 66 86 100 86 76 96 96 30 30 33 80 66 82 76 100
 92 33 24 49 59 43 45 45 80 100 100 100 100 90 80 100 64 47 9 76 61 60 66 41 30 9 80 92 100 96 100 92 96 64 66 66 82 92 48 74 27 30 54 78 39 0 51 67 64 92 96 96 82
 86 45 17 56 30 45 92 82 96 90 96 100 66 24 80 45 72 86 90 96 82 88 58 36 48 54 33 96 92 96 90 92 45 90 86 100 59 40 24 30 39 24 70 76 54 60 49 27 86 100 100 100 76
 46 75 88 96 55 66 100 90 90 92 39 9 33 92 80 92 100 100 100 61 80 92 70 42 34 26 34 96 96 53 96 76 72 84 76 55 9 15 42 30 33 27 66 78 90 76 86 51 76 96 86 92 78
 81 14 45 65 84 78 62 92 96 92 54 45 70 89 92 96 92 74 76 86 92 65 67 76 36 74 86 100 86 48 54 90 100 92 96 36 36 0 34 74 60 66 0 70 55 70 100 86 86 90 86 65 96
 40 25 9 24 37 30 32 64 88 100 82 86 96 82 96 92 96 72 82 33 33 51 63 96 82 100 86 82 88 66 100 100 100 100 96 62 54 68 51 96 92 100 72 70 92 96 88 100 57 72 90 84 51
 67 88 90 75 100 100 80 96 92 96 100 70 46 36 90 100 96 90 80 96 82 84 51 45 80 86 96 100 84 84 96 100 100 96 88 76 61 54 50 100 92 84 88 66 66 60 76 90 33 55 96 100 100
 82 88 88 92 100 100 100 100 100 100 100 76 86 80 82 61 66 82 100 100 84 68 35 67 100 100 100 100 100 100 96 100 100 100 61 45 9 0 66 96 90 55 18 30 78 96 80 50 27 18 70 96 96
 100 84 64 76 30 100 100 96 100 100 96 51 80 96 80 92 96 15 17 80 68 61 55 88 92 100 100 88 100 100 100 100 96 55 60 80 49 51 0 74 100 100 51 92 88 39 9 18 36 42 9 90 100
 100 96 92 100 40 86 100 100 90 100 84 96 100 100 82 55 70 96 29 0 78 80 71 96 96 65 61 96 100 100 96 100 100 92 65 90 51 30 9 76 90 100 100 100 66 55 42 0 74 45 18 86 96
 100 78 71 70 96 100 100 100 80 90 100 96 96 90 54 0 60 92 88 23 17 72 66 51 49 84 63 82 100 100 100 96 100 40 86 96 100 92 68 70 66 100 36 33 66 36 60 62 47 0 86 54 67
 96 96 72 76 90 100 100 100 100 100 96 100 72 15 36 51 80 100 92 60 18 9 68 68 60 51 82 15 78 92 100 96 100 100 100 96 84 96 49 92 76 100 36 24 55 60 56 48 62 68 39 45 90
 100 100 88 92 96 96 100 100 100 100 100 92 86 100 100 59 86 60 45 24 45 47 36 30 76 67 66 51 96 96 100 100 96 96 74 100 96 86 84 100 100 100 90 60 57 39 9 34 68 60 70 88 92
 100 100 100 100 100 100 100 90 100 100 92 100 100 92 74 100 82 90 86 21 48 0 15 9 30 64 86 74 57 80 96 96 100 100 100 100 96 96 100 100 100 100 100 100 30 0 18 57 70 9 30 24 33
 100 100 100 100 96 100 100 100 100 100 100 100 100 100 63 54 74 86 96 100 86 0 65 42 60 70 43 62 56 70 86 100 100 100 100 100 100 96 100 100 100 100 100 100 86 69 70 30 48 16 9 48 45
 100 100 100 100 100 100 100 100 100 100 100 100 57 64 64 33 80 84 100 100 100 51 18 9 41 58 48 39 74 48 70 96 100 96 100 92 96 96 100 100 100 96 42 96 86 64 51 32 36 0 28 36 18
 100 100 100 100 100 100 100 92 100 90 80 49 70 96 100 80 100 90 84 86 96 100 26 24 61 34 36 18 32 70 96 92 100 100 92 86 100 100 100 100 100 90 39 9 39 60 24 62 34 0 29 76 18
 100 100 100 100 100 100 96 100 96 100 90 100 96 90 96 43 74 49 27 78 96 84 39 24 49 42 78 60 72 58 100 86 86 100 100 100 100 100 100 100 100 90 80 96 45 15 24 39 39 15 25 35 9
