shetran-prepare-sediment/examples/wansbeck/minDemAsciiWansbeck_at_Mitford.txt
ncols	27
nrows	19
xllcorner	391000.0
yllcorner	579000.0
cellsize	1000
NODATA_value	-9999
250 248 170 122 114 115 189 210 262 309 314 268 236 211 168 129 96 109 94 85 94 63 64 80 75 67 54
229 239 179 126 154 179 244 308 327 297 286 270 223 188 151 135 112 129 108 135 85 87 99 112 87 69 56
216 207 229 154 203 289 349 321 298 277 255 240 217 177 150 147 159 159 156 129 107 118 110 108 83 69 63
219 189 187 175 209 274 297 300 295 275 247 213 198 181 178 202 210 189 163 133 119 128 129 104 89 76 77
167 161 159 163 169 200 247 270 270 258 213 191 185 165 147 138 132 150 147 135 139 138 115 103 98 98 91
147 152 156 161 170 208 252 270 259 249 246 231 218 201 173 157 127 113 121 150 144 126 123 133 130 116 89
147 165 189 229 247 275 290 267 246 221 211 210 210 212 167 138 123 112 99 121 115 110 117 154 129 109 85
180 218 227 262 276 279 257 245 226 215 201 196 195 191 178 155 123 110 93 92 88 87 111 104 98 102 91
237 245 269 295 287 275 240 222 209 193 199 178 188 193 166 163 143 120 96 86 81 76 79 83 95 116 108
199 248 273 285 267 251 240 225 209 189 175 173 161 165 155 149 140 140 128 108 93 74 64 63 96 88 78
156 217 247 240 266 279 242 227 208 190 176 162 153 147 136 128 117 108 135 132 111 99 68 56 70 65 60
140 160 188 221 257 246 230 227 219 198 177 168 153 135 129 132 125 94 96 119 102 98 83 53 45 35 33
196 212 209 247 247 206 194 178 177 189 179 168 139 120 105 99 112 97 85 71 66 68 65 48 43 37 29
229 261 247 247 229 207 189 172 151 138 137 141 111 102 96 90 86 84 80 74 66 61 53 52 58 60 67
290 269 256 244 219 203 185 182 176 143 127 118 115 108 107 99 101 92 89 87 87 93 91 80 80 86 96
278 252 238 233 225 203 205 200 169 157 151 147 130 127 148 140 128 116 106 98 100 107 101 93 95 97 97
259 239 227 226 225 210 210 190 171 175 175 159 150 151 130 123 116 112 102 89 80 79 88 89 81 84 86
230 215 210 209 219 208 207 180 192 194 174 165 169 148 130 127 113 104 98 90 80 71 66 61 62 71 79
218 210 206 202 203 196 197 173 186 190 178 177 177 159 144 129 114 106 96 90 80 72 65 61 55 60 54
