shetran-prepare-sediment/examples/wansbeck/PEAsciiWansbeck_at_Mitford.txt
ncols	27
nrows	19
xllcorner	391000.0
yllcorner	579000.0
cellsize	1000
NODATA_value	-9999
23519 23519 23519 23519 23520 23520 23520 23520 23520 23521 23521 23521 23521 23521 23522 23522 23522 23522 23522 23523 23523 23523 23523 23523 23524 23524 23524
23519 23519 23519 23519 23520 23520 23520 23520 23520 23521 23521 23521 23521 23521 23522 23522 23522 23522 23522 23523 23523 23523 23523 23523 23524 23524 23524
23519 23519 23519 23519 23520 23520 23520 23520 23520 23521 23521 23521 23521 23521 23522 23522 23522 23522 23522 23523 23523 23523 23523 23523 23524 23524 23524
23699 23699 23699 23699 23700 23700 23700 23700 23700 23701 23701 23701 23701 23701 23702 23702 23702 23702 23702 23703 23703 23703 23703 23703 23704 23704 23704
23699 23699 23699 23699 23700 23700 23700 23700 23700 23701 23701 23701 23701 23701 23702 23702 23702 23702 23702 23703 23703 23703 23703 23703 23704 23704 23704
23699 23699 23699 23699 23700 23700 23700 23700 23700 23701 23701 23701 23701 23701 23702 23702 23702 23702 23702 23703 23703 23703 23703 23703 23704 23704 23704
23699 23699 23699 23699 23700 23700 23700 23700 23700 23701 23701 23701 23701 23701 23702 23702 23702 23702 23702 23703 23703 23703 23703 23703 23704 23704 23704
23699 23699 23699 23699 23700 23700 23700 23700 23700 23701 23701 23701 23701 23701 23702 23702 23702 23702 23702 23703 23703 23703 23703 23703 23704 23704 23704
23879 23879 23879 23879 23880 23880 23880 23880 23880 23881 23881 23881 23881 23881 23882 23882 23882 23882 23882 23883 23883 23883 23883 23883 23884 23884 23884
23879 23879 23879 23879 23880 23880 23880 23880 23880 23881 23881 23881 23881 23881 23882 23882 23882 23882 23882 23883 23883 23883 23883 23883 23884 23884 23884
23879 23879 23879 23879 23880 23880 23880 23880 23880 23881 23881 23881 23881 23881 23882 23882 23882 23882 23882 23883 23883 23883 23883 23883 23884 23884 23884
23879 23879 23879 23879 23880 23880 23880 23880 23880 23881 23881 23881 23881 23881 23882 23882 23882 23882 23882 23883 23883 23883 23883 23883 23884 23884 23884
23879 23879 23879 23879 23880 23880 23880 23880 23880 23881 23881 23881 23881 23881 23882 23882 23882 23882 23882 23883 23883 23883 23883 23883 23884 23884 23884
24059 24059 24059 24059 24060 24060 24060 24060 24060 24061 24061 24061 24061 24061 24062 24062 24062 24062 24062 24063 24063 24063 24063 24063 24064 24064 24064
24059 24059 24059 24059 24060 24060 24060 24060 24060 24061 24061 24061 24061 24061 24062 24062 24062 24062 24062 24063 24063 24063 24063 24063 24064 24064 24064
24059 24059 24059 24059 24060 24060 24060 24060 24060 24061 24061 24061 24061 24061 24062 24062 24062 24062 24062 24063 24063 24063 24063 24063 24064 24064 24064
24059 24059 24059 24059 24060 24060 24060 24060 24060 24061 24061 24061 24061 24061 24062 24062 24062 24062 24062 24063 24063 24063 24063 24063 24064 24064 24064
24059 24059 24059 24059 24060 24060 24060 24060 24060 24061 24061 24061 24061 24061 24062 24062 24062 24062 24062 24063 24063 24063 24063 24063 24064 24064 24064
24239 24239 24239 24239 24240 24240 24240 24240 24240 24241 24241 24241 24241 24241 24242 24242 24242 24242 24242 24243 24243 24243 24243 24243 24244 24244 24244
