shetran-prepare-snow/examples/Haltwhistle50m/demasciiHaltwhistle_Burn.txt
ncols         300
nrows         220
xllcorner     366000
yllcorner     563000
cellsize      50
NODATA_value  -9999
[rows 140 to 167 of 220, columns 0 to 62 of 300]
171.0975 169.0246 167.23 165.3366 162.5198 158.3626 151.5828 151.4786 158.3356 163.429 166.1286 168.5433 171.4462 172.72 172.144 170.8345 174.0661 178.7282 180.4203 182.4101 186.5047 191.1004 195.3963 198.0262 197.8991 200.3302 203.2124 206.9925 211.195 214.5759 217.5584 219.8397 221.7266 224.3207 226.8073 229.4047 232.104 234.5239 236.2263 237.5997 239.4226 242.0803 244.3449 244.7731 245.1087 246.5069 250.2941 253.2214 255.255 257.1461 259.6653 260.5272 260.5105 260.6467 260.4434 260.36 259.6915 258.3885 256.6973 255.3405 252.7828 249.0342 245.433
172.7185 170.9087 169.5677 167.8728 165.7948 163.0223 157.0614 151.5315 164.9092 165.0446 166.0789 168.8908 170.7997 170.3843 170.9467 172.4536 177.185 177.9975 181.3192 188.3522 193.3409 197.1433 199.6338 200.4307 200.616 200.643 201.8674 205.0024 209.918 214.518 218.273 221.4761 223.6299 225.7824 227.9796 230.639 233.0994 234.987 235.9863 236.5784 238.2672 239.6028 239.2792 239.0759 239.7564 241.3263 243.8852 247.0244 250.3168 254.8366 269.8089 276.6323 276.6448 271.3354 269.2405 266.3753 263.5749 260.4089 258.0577 255.1182 251.178 247.462 244.8824
175.7855 173.6494 172.1308 170.3439 168.611 167.3154 162.6164 151.6989 161.5422 163.1358 164.7254 166.7425 168.493 170.6153 173.7698 175.703 175.8859 180.2928 187.4533 192.3499 196.714 199.7004 201.3104 201.8909 202.093 202.3018 202.6297 204.5648 209.4783 214.442 217.8874 220.6569 223.0115 224.6071 226.202 228.3912 230.5452 232.663 233.241 234.2822 235.7491 237.2357 236.9722 237.9664 239.3245 244.1025 253.1214 265.4436 269.9317 261.6678 273.5663 273.6983 269.4487 267.1612 263.974 258.9673 255.676 251.8749 253.4597 251.9401 247.8793 245.2866 243.87
178.6368 176.3126 174.4889 172.7284 171.0262 169.0081 160.831 149.418 154.5463 162.4795 166.0486 168.2914 170.712 170.555 170.7504 172.9022 178.4942 184.996 190.4753 195.3153 199.0319 201.1923 202.7282 203.4432 203.6374 203.8318 204.0426 205.4582 209.5712 214.5341 216.6797 218.9407 220.948 221.9706 223.5771 228.4549 230.6571 233.1639 233.6769 234.8535 235.0111 236.8043 237.5011 241.3602 251.1276 262.1879 279.8191 283.2318 278.9553 268.236 265.3778 263.5155 261.3046 259.9057 255.9326 250.4802 246.1818 245.1639 247.4068 244.9584 243.3282 240.8307 235.1235
179.7134 177.6563 175.7493 174.2408 172.9139 170.7068 162.3587 149.0709 153.5176 163.5712 165.7891 167.2778 165.1637 168.1295 172.5129 175.2474 180.6361 185.7842 191.3321 196.4613 200.1751 202.6652 204.1888 205.0529 205.2479 205.4707 205.9719 207.8133 210.12 214.0789 216.4353 217.8835 221.2278 229.1168 233.6045 234.8072 234.7119 234.146 233.5813 233.5636 234.385 235.994 243.2785 254.4692 261.6595 263.479 270.3924 275.2102 271.1328 265.3172 259.01 256.0372 253.9316 251.4233 248.0767 242.6916 238.5256 236.8571 236.5956 235.2349 235.535 230.5682 227.1486
179.8452 178.2212 176.6295 175.512 174.3986 173.0732 167.7505 150.9047 148.9821 159.4033 164.1495 165.3541 160.8786 169.544 171.5042 174.8696 180.4293 186.3841 192.5887 197.618 201.2799 204.1158 205.6387 206.6561 206.9179 207.2265 208.3674 210.2949 212.2392 214.0199 217.4163 224.7778 231.0787 233.241 233.155 232.7824 232.4446 231.9434 231.8491 232.4954 234.1275 238.1149 256.1616 272.7655 277.0696 273.9914 265.5552 265.3874 261.9199 255.8911 252.0929 249.2113 246.2778 243.1058 240.3538 236.8682 232.4365 228.8542 226.7033 224.2803 222.4711 221.1466 219.1586
177.8716 176.4744 175.5427 174.8173 174.3253 173.507 172.5261 163.3953 152.2692 147.9041 154.5968 159.6263 161.825 167.4231 170.5034 175.1256 181.3263 187.6608 194.2026 199.2155 202.9754 205.5522 207.2748 208.1459 208.5926 209.3066 211.0708 213.1436 215.2052 222.1317 231.2121 232.868 232.3878 230.3377 228.6841 230.1981 233.8695 236.8575 238.5385 234.3169 232.8343 235.6659 252.8413 268.0264 270.2728 267.2267 259.6491 255.5348 251.2264 246.4369 243.4642 240.7275 237.3931 234.2898 232.3428 229.0696 225.4547 222.2101 220.0273 216.6564 214.434 212.5071 211.2294
175.8226 174.6593 174.4144 172.4114 172.6323 172.3228 169.4431 163.2941 158.767 151.0917 149.9222 162.2739 166.6436 168.1061 170.7425 176.6226 182.4984 189.2556 195.8356 200.6922 204.297 206.6337 208.5773 209.1378 209.7057 211.9272 214.6565 217.564 225.6266 231.8417 231.7984 230.8643 229.4629 232.3577 242.9896 249.3951 251.9774 250.6567 249.7559 245.3981 232.6276 230.77 242.3072 256.4929 259.618 255.4219 250.9625 248.1228 242.9122 238.5563 235.1653 231.4496 228.3312 225.595 223.6533 221.0536 218.28 216.1329 213.5004 210.0925 208.2681 206.2112 204.2496
174.1105 173.2681 173.5598 172.3616 171.3137 167.8854 159.6536 149.9085 146.7158 145.7528 156.0044 165.1178 170.4198 172.4271 174.6417 180.5006 185.976 192.1977 198.0075 201.976 205.1471 207.6129 209.6155 209.9428 211.1104 213.8794 218.7368 227.6271 231.3766 229.3867 228.2379 228.5226 237.9847 249.818 251.1242 248.2935 244.8359 242.023 239.0315 236.714 232.1509 231.2575 234.5014 243.5869 246.9863 244.2647 241.2321 238.1233 233.1998 228.5295 224.9022 221.2527 219.3362 217.6047 216.2161 214.0205 211.8941 210.0545 207.3999 204.651 202.8863 200.8965 199.1415
173.6979 173.5134 174.966 175.3005 174.3114 171.8397 159.5346 143.7317 151.8257 151.6691 159.7893 167.6879 173.5508 177.3329 180.4641 184.931 190.2399 196.9121 202.5241 206.319 208.7785 209.6842 210.777 210.8248 212.7932 216.9241 226.1705 227.6509 226.4671 224.3039 226.2452 229.4445 241.0138 249.8738 244.2937 239.627 235.562 232.5745 229.64 225.4594 221.1049 223.3545 232.4647 238.777 235.7449 233.6255 229.5437 224.9764 220.7336 217.5778 214.7705 212.6723 211.1951 210.0986 209.934 208.7131 205.8875 204.2298 201.8354 199.745 197.8845 196.1611 194.6816
173.5888 173.7832 174.5874 176.0516 175.4627 171.7264 163.2569 144.5699 142.3454 146.0151 158.9509 166.475 174.059 180.0636 185.0316 189.8278 195.2593 202.3199 207.9953 210.8041 210.9946 210.9141 211.0501 210.7092 212.9593 221.6033 224.6493 223.5279 221.76 224.8404 227.1575 231.7382 243.5927 242.2696 237.8842 234.141 230.5797 227.6079 224.3593 220.1441 215.3949 214.4092 215.1814 219.6797 222.1627 222.6545 218.7266 215.7754 211.7536 210.7638 209.6711 207.5294 206.2101 205.5089 204.3376 203.4812 201.0885 199.8056 198.1327 196.6623 195.4402 193.7505 192.0984
173.9645 172.7186 171.8268 170.7541 167.0395 162.7253 157.4998 154.0945 142.6638 141.4094 154.8181 167.5406 172.9626 179.9111 186.0577 193.5177 200.7656 207.6129 209.9889 210.4498 210.4696 209.9963 209.926 210.4884 214.804 218.9244 220.5392 220.9006 223.5939 228.0213 229.8992 240.9104 238.8678 235.8195 232.9485 229.9785 227.2197 224.9396 222.5726 219.8474 215.7584 213.5583 212.7594 212.9245 213.8738 214.06 212.8649 211.6181 209.7903 208.5839 207.5881 205.7806 203.6118 202.6959 200.9807 199.381 198.3163 197.3745 196.2748 195.0002 193.7646 192.3163 191.3308
171.3295 168.4069 164.6197 162.0525 157.3566 149.7291 145.319 141.5842 139.95 143.9191 162.8132 175.0948 181.269 187.9818 194.037 199.8405 205.2247 209.1522 209.6349 209.7414 209.8708 209.4664 209.2421 211.4378 214.6042 219.0226 224.9616 235.0097 241.4376 238.9005 238.2052 236.6235 234.3606 232.5397 228.7291 225.3845 224.0832 221.9643 220.3778 218.9254 215.7816 213.4156 218.6625 217.9859 215.8268 213.5552 211.8232 210.9449 209.4827 207.5172 205.8232 203.7521 201.448 199.899 198.6298 198.0515 197.4193 197.1569 197.1057 197.037 196.5913 195.4543 194.4015
164.4246 160.4534 156.5346 153.9826 147.1656 140.0328 141.3989 152.4151 160.4643 164.3162 175.6474 183.0124 189.8979 197.0605 202.6831 206.7833 208.4068 209.2913 209.123 209.1142 209.1884 209.2007 210.5391 215.8196 224.6456 230.9671 239.6479 246.7464 247.6139 241.9464 234.8118 230.5076 230.5309 227.473 223.6174 221.8696 220.6322 218.0376 216.3061 215.5617 213.4937 209.4657 214.1677 215.1604 213.7787 211.6363 210.2657 208.7893 206.3042 204.4127 202.5847 200.4416 198.2196 196.6321 196.3045 197.9717 201.4759 199.4669 197.4981 195.2237 193.098 191.4828 188.6069
155.5372 152.0794 146.9086 141.8468 137.1219 148.0673 160.1627 166.7189 172.9387 178.2929 185.6844 191.5752 198.0914 204.9023 208.4147 210.681 210.4443 209.5813 207.621 207.8104 209.3327 212.3858 217.7959 234.3427 247.3554 250.3297 246.6244 242.4478 238.1426 232.8928 228.6813 226.9347 226.1927 222.1452 219.0129 216.4314 213.0933 211.5776 210.0722 208.5804 207.4489 205.5014 203.8108 205.7222 205.901 204.8101 203.7172 202.0298 199.7391 198.4175 197.1489 194.766 192.5903 191.6065 191.4438 192.1516 191.7298 188.8623 186.9974 186.298 186.8936 185.8487 184.647
146.6453 140.1167 135.9828 142.3855 151.4762 160.4367 167.8279 173.631 180.733 188.3621 193.7323 199.8539 204.5909 209.2993 211.1903 211.4113 210.301 208.5859 206.9753 208.637 210.2517 215.7572 228.7804 246.3745 247.9845 243.8624 238.2203 233.337 228.6376 226.9577 226.7411 224.5111 219.657 216.3264 213.2243 209.2215 205.7591 203.3838 200.6961 198.6996 198.7108 198.2418 197.1431 196.3278 196.4804 196.7534 196.3408 195.4747 194.1526 193.545 193.0617 191.635 190.1244 189.2721 188.5615 187.6121 186.8233 184.9897 184.9264 185.304 185.5751 184.8823 184.8358
134.4313 138.648 150.2554 157.6594 163.2209 168.492 174.1075 180.6522 189.5001 196.5478 201.389 204.5427 207.6285 210.7911 211.5161 210.8494 209.1477 208.0564 207.7489 209.9585 213.5805 218.8137 223.8313 232.8062 238.5222 232.934 226.6634 224.4365 223.4625 222.1486 218.7708 214.5426 210.2407 207.6122 204.3322 201.4298 197.7053 194.9456 193.1241 193.25 193.5043 193.8802 194.1278 193.5567 193.2692 192.9088 192.2752 191.8722 191.8654 191.76 191.5642 190.7326 189.7157 188.7081 187.42 186.6439 186.1096 184.8223 184.5419 184.6508 185.188 184.8808 184.4656
136.5439 149.3265 156.8245 161.0157 166.2747 173.1441 179.8257 186.2952 194.5105 201.6918 205.8754 208.3035 210.8318 213.0986 212.6888 210.5373 208.8355 208.6465 208.9883 211.3575 215.9701 215.4757 211.6456 211.9246 224.2725 223.7477 220.0945 219.9444 217.6143 214.7197 213.1718 209.1694 203.4586 199.3265 196.567 195.0532 193.091 192.8544 193.2581 193.584 193.9277 194.0154 194.3444 193.4536 192.5606 192.5035 192.7023 192.7536 192.8587 192.595 191.8059 191.0698 190.3575 189.0897 187.4502 186.2098 185.7754 184.9516 184.4382 184.1866 184.0952 183.7996 183.9952
139.2947 149.8192 156.9148 162.265 168.1968 175.8505 183.0776 189.6831 198.0784 204.9781 208.6597 210.8558 212.8845 214.9442 213.8122 210.9923 208.9809 208.6541 208.7016 210.2052 208.9454 206.0051 203.9128 204.7819 213.9302 216.6549 214.7753 212.3142 209.5434 209.0085 207.9808 204.8211 198.5053 193.024 192.7871 193.5264 192.8443 193.2567 193.8993 194.1329 194.4559 194.5615 194.5254 194.1734 193.5731 194.2409 194.4781 194.2428 193.4839 192.8653 192.0748 191.3031 190.2499 188.7222 187.3699 185.967 185.5195 185.118 184.5927 183.784 182.9884 182.8623 183.3064
140.9587 148.9676 157.0685 163.3229 170.0126 177.5168 185.5319 192.6166 200.4592 206.5936 209.4613 211.1845 212.3186 213.4118 212.6049 210.6494 209.194 211.7026 206.8933 203.0675 201.0303 201.4106 202.5262 207.0122 210.6216 209.7445 208.0861 204.2652 202.7942 202.674 202.4976 200.5988 196.2261 192.7273 192.9035 193.2644 193.2653 194.011 194.52 194.7454 194.9883 195.1877 195.0718 194.913 194.8847 194.201 193.9222 193.6291 192.8528 192.3746 192.1147 191.4099 189.8522 188.1801 186.6093 185.4876 184.9291 185.2648 184.6715 184.1806 185.1764 186.3007 186.5442
140.125 148.1335 157.7156 164.2905 170.3932 177.4628 186.6008 194.1206 201.5502 206.2405 208.6302 209.6876 209.8755 210.7095 210.5678 209.7398 207.3013 213.0329 207.5176 199.1855 199.1624 201.1803 204.4731 206.9721 204.9744 204.4166 202.9256 198.027 196.0257 196.726 196.9207 195.0339 192.8177 192.7523 192.9156 193.1659 193.7408 194.7912 195.14 195.3655 195.5906 195.7692 195.4586 194.8304 194.6198 193.8582 193.136 192.8918 192.8385 193.13 193.0892 192.4359 190.6875 188.7949 186.9926 186.6985 186.6697 186.0199 186.0843 188.3142 190.5744 192.1421 192.7423
137.701 148.1089 157.3743 163.3439 169.5834 177.8397 185.9444 192.6375 199.7341 205.1598 207.4136 208.048 208.3205 208.1838 208.2702 208.6635 206.6949 205.559 203.5901 200.2432 200.7716 204.2119 204.5984 201.6532 200.087 198.8671 197.0343 193.9429 192.2705 192.3313 191.7522 191.7367 192.0443 192.447 192.8285 193.2782 194.7827 195.4161 195.6163 195.7484 195.8567 196.3757 195.3205 194.5797 193.9568 194.4292 194.6949 194.9809 194.9891 194.8619 194.4335 193.8081 192.2226 190.9117 190.3701 191.9442 193.1102 195.4953 201.2225 205.1289 205.2237 203.3945 206.1998
134.4819 147.8528 156.6976 162.2932 167.8929 175.9726 183.3683 189.6162 196.8345 203.6587 206.085 206.4483 206.828 206.7074 207.7305 209.3569 210.8954 208.334 203.9175 201.9682 204.0272 203.8919 201.1488 198.3601 196.8264 195.1401 193.3462 192.5044 191.6062 191.5882 191.1846 191.2404 191.641 192.0647 192.6384 193.54 194.3437 194.9896 195.5645 195.674 196.0037 197.6786 195.843 194.5496 194.8817 197.3367 197.4833 198.8554 199.9827 201.8689 203.0794 204.2146 203.21 201.9053 199.4788 201.4646 207.314 211.552 215.0422 216.7609 215.528 214.0389 214.1163
132.4849 147.6562 156.2267 161.0689 166.7811 173.6422 180.411 186.1392 193.3894 201.8972 205.5992 206.1436 206.4468 208.3593 210.7522 211.2077 210.4065 208.9994 205.0521 201.1343 198.2843 199.132 199.2091 198.8746 198.2823 197.0124 194.8441 192.82 191.8267 191.4382 191.1065 191.1998 191.5119 191.9819 192.8371 193.5979 193.7328 194.1782 195.1256 195.5879 197.0348 199.0409 197.4893 198.5951 201.2909 202.6572 204.6716 209.2473 213.1013 215.2234 217.1156 217.4505 215.8781 214.1879 211.4172 213.6985 220.8094 222.8505 222.0701 220.9507 219.3497 217.5864 216.3324
131.3726 146.0501 153.8366 159.8183 166.2569 172.0269 177.4754 182.8093 191.489 200.7999 204.8917 205.7109 206.785 208.3244 209.3933 209.5727 209.0134 207.2354 205.6429 203.1487 198.7427 195.6317 196.7567 199.0747 198.2123 197.6009 195.9337 194.0117 191.8633 191.5289 191.3343 191.3591 191.6883 192.1142 192.9378 193.6371 193.6225 193.7676 194.5208 196.2428 198.9301 201.2514 203.5699 207.1781 211.4627 215.4741 219.8035 221.1406 222.1131 223.3229 221.9302 219.9564 217.3884 216.2446 217.2706 219.7029 222.7466 222.6111 221.2581 220.386 219.08 217.885 217.0282
130.2236 140.0728 150.1182 159.6854 165.8146 171.2279 175.4772 181.4926 190.2407 199.4331 203.745 204.6324 205.8728 206.7246 207.3655 207.6032 207.3511 205.777 205.2755 203.683 201.0181 196.6231 193.97 195.9371 196.1323 195.3241 193.7628 192.2841 191.0143 191.403 191.5756 191.5244 191.8557 192.256 192.9939 193.6586 193.7269 193.9295 196.873 200.1995 203.1367 207.0629 211.6358 216.2555 220.5944 223.2591 223.9044 223.5269 223.0735 222.1836 222.1734 222.69 224.0206 226.3459 227.4306 226.2388 226.7058 225.8654 224.6275 223.4986 222.612 221.5454 220.785
129.799 138.9202 151.7919 159.4506 164.3125 168.242 172.8757 180.971 189.67 197.0529 201.7669 203.6232 204.5777 205.1755 205.4361 205.7633 205.9825 204.4864 203.8645 202.6701 201.3853 198.4796 194.3131 193.6611 193.5363 192.583 191.4061 190.6509 190.6099 191.0636 191.5105 191.7018 192.0133 192.3549 192.9228 193.6169 193.9177 196.0033 199.365 203.217 207.9094 213.5528 218.6312 222.1776 224.3493 226.0555 226.8908 226.9274 227.403 228.936 229.6889 231.486 233.9919 234.1059 233.9398 233.8046 232.7339 230.8699 229.0237 226.9531 224.9808 224.0271 222.4909
130.3518 138.1909 149.5669 158.0507 161.5466 164.5341 169.3083 178.3357 187.5471 193.9882 198.8725 201.9523 203.7044 204.5326 205.4142 206.1673 206.1393 203.8941 203.0824 201.9272 200.7225 199.2324 195.9612 193.3721 191.9363 191.29 190.4024 189.9234 190.4979 191.1495 191.5283 191.9375 192.4841 192.3583 192.137 192.493 194.3356 197.2671 201.8049 206.5941 213.1658 217.8944 221.344 224.7599 227.3571 229.4127 231.6136 235.1643 239.0281 239.9892 239.7795 240.8588 240.6934 239.0726 237.7115 235.9485 233.591 231.4051 229.1901 227.2938 225.2499 223.5874 222.2176
