shetran-prepare-snow/examples/Haltwhistle50m/demasciiHaltwhistle_Burn.txt
ncols         300
nrows         220
xllcorner     366000
yllcorner     563000
cellsize      50
NODATA_value  -9999
[rows 28 to 55 of 220, columns 0 to 62 of 300]
261.2983 261.1762 260.7197 259.4016 258.0974 257.6785 257.3934 256.8957 255.7404 254.5115 254.134 254.3226 254.1279 253.6976 252.9287 251.7183 250.5622 249.4123 248.9513 248.5742 247.996 246.188 244.1717 242.8309 241.8702 240.4848 238.999 238.3592 237.6496 237.0562 236.5406 235.6069 235.4531 234.9747 234.8739 235.3628 235.252 235.3437 235.3373 235.2153 235.1285 234.8595 234.4033 234.4264 234.1625 233.9086 233.693 233.4044 232.8981 232.3342 231.7083 230.3312 227.2324 224.3432 221.7207 219.8963 218.2661 216.2397 213.9943 219.4187 222.0959 222.8194 222.1072
259.1069 258.8203 258.1174 256.6349 254.9569 254.3875 254.2701 253.9628 253.3385 252.8589 252.5037 252.2913 252.272 252.079 251.5353 250.704 249.9776 249.4254 248.8397 248.3635 247.7474 246.1211 244.1204 242.3873 241.9734 240.6806 239.1141 238.1145 237.5808 236.9329 235.9825 235.3768 235.073 234.1479 233.8633 234.6986 234.7083 234.5604 234.4215 234.3661 234.3332 234.3178 234.2816 234.1197 234.1426 234.046 233.9002 233.719 233.4888 233.1154 232.4588 231.6877 229.3169 226.3738 222.3772 219.9898 218.1559 214.711 214.5552 217.6423 219.5892 222.4945 224.3406
257.1532 256.5987 255.7574 254.3134 253.1939 252.6598 252.4886 252.0167 251.4401 251.2661 251.1527 251.0662 250.978 250.9992 250.8951 250.5344 250.1643 249.5074 248.8035 248.1945 247.5334 245.9851 244.6459 243.5446 242.7397 241.5943 240.4565 239.6316 238.8098 238.0266 236.9759 236.1502 235.474 234.4007 233.0272 233.0075 233.706 233.6524 233.5467 233.5126 233.5167 233.6113 233.8946 233.8848 234.2445 234.2101 234.0524 234.011 233.9645 233.8722 233.4901 232.847 231.7704 229.8119 225.7816 223.3027 221.8754 220.7161 218.7218 213.5977 214.3323 221.5149 226.2562
256.018 254.8821 253.4766 252.2362 251.7838 251.3813 250.9417 250.016 250.1369 250.2684 250.2003 250.1144 250.2262 250.5495 250.5486 250.6129 250.4487 249.9278 249.2898 248.5379 247.7599 246.4622 245.6576 245.0404 244.5702 243.6087 242.2489 241.2619 240.0677 239.0629 237.928 236.6136 235.2949 234.0505 232.8816 231.1363 232.0158 232.6442 232.6941 232.7236 232.8055 232.9584 233.4325 233.6892 234.1897 234.3649 234.1713 234.3181 234.4695 234.4176 234.0585 233.4544 233.1528 232.4632 230.7281 228.0923 226.1598 224.0848 221.3565 217.1962 212.6225 212.6752 219.9525
253.5705 252.5608 251.5825 250.5735 250.0548 249.6709 249.457 248.7662 248.2201 248.7924 249.1687 249.2794 250.0128 250.185 250.3234 250.6434 250.5949 250.0382 249.8024 249.391 248.581 247.5818 246.9693 246.4136 246.1812 245.2191 243.5289 242.0412 240.6838 239.1922 237.7565 236.3739 235.0794 233.7838 232.3778 229.8848 228.9433 230.8485 231.903 232.0218 232.1095 232.3276 232.9581 233.4141 233.4611 233.4258 233.3187 233.3342 233.6068 233.983 233.7239 233.4868 233.3839 233.4513 233.401 232.0935 229.6288 226.615 223.7799 220.9233 218.7962 217.165 213.1576
252.5755 251.1761 249.924 249.0171 248.4217 247.913 247.917 247.7045 246.6189 246.5805 247.2798 248.6931 249.7592 249.9536 250.099 250.3454 250.3307 250.0803 250.0013 250.1185 249.3936 248.6438 248.2303 247.7931 247.1098 245.3212 243.7088 242.1612 240.463 238.9064 237.4808 236.1574 234.8502 233.3951 231.794 230.3076 228.3324 228.8168 230.6978 231.1248 231.1017 231.0872 231.3703 231.6659 231.7255 231.5439 231.5019 231.6401 231.88 232.2365 232.6132 233.1068 233.0481 232.9717 232.8528 232.4082 231.5416 228.7486 225.1283 221.732 219.4809 217.5149 215.3332
253.0773 251.6027 249.888 247.7973 246.5978 245.4473 246.3314 246.6347 245.5171 244.6171 245.283 247.064 248.328 248.9632 249.4814 249.6297 249.4573 249.7221 250.07 250.3701 249.7953 249.1621 248.6018 247.5689 245.8102 244.0689 243.0001 241.9149 240.2018 238.6207 237.2384 235.9039 234.3556 232.5895 231.1836 230.1262 228.6702 226.4152 226.9708 228.8984 228.782 228.6231 228.9326 229.2517 229.4937 229.6727 229.6593 229.8655 230.1272 230.3394 230.9546 232.0453 232.2943 232.0103 231.6512 231.1 230.3093 228.0163 224.56 221.53 219.1455 216.9504 215.0107
253.4966 252.0887 250.5526 248.9151 247.2287 244.2184 243.7468 245.0343 244.15 242.8755 242.9986 245.0394 246.365 247.1159 247.6955 248.1492 248.2182 248.5037 248.59 248.3337 247.433 246.8056 245.9138 244.9793 243.9387 243.0578 242.3584 241.5738 239.9538 238.3456 236.897 235.0846 233.2468 232.0015 230.8612 229.6214 228.4651 228.128 226.3288 224.3877 226.2352 226.1264 226.495 226.8264 227.081 227.316 227.5247 227.5644 227.7829 228.0792 228.7373 230.1041 230.9887 230.6656 230.039 228.8375 227.3151 224.7106 221.1095 218.7692 217.2234 216.1204 215.017
252.1938 250.78 249.2682 247.7737 246.1099 243.6279 240.4833 242.1476 241.6978 240.0668 240.1267 242.51 243.8712 244.8057 245.087 245.2212 245.3583 245.095 244.7312 243.955 243.5713 243.5179 242.7163 241.7988 241.0182 241.2094 241.3683 240.9839 239.698 237.6727 235.61 233.937 232.7204 231.4677 230.1489 228.7632 227.3499 226.4274 225.5062 221.7595 223.1623 223.7106 224.0556 224.3943 224.6685 224.9059 225.0255 224.8696 224.9415 225.6124 226.4039 227.6271 229.1738 229.0371 227.9938 226.2722 223.7011 220.9533 218.9428 217.8584 216.8331 215.7911 214.8073
249.2234 247.6609 245.9304 244.5317 243.2043 241.4676 237.4497 239.091 238.7435 236.892 238.0663 239.4833 240.4489 240.8612 240.901 240.9715 241.1843 240.9716 240.4054 240.0383 240.127 240.175 239.4977 238.5802 238.0156 238.363 238.6629 238.0091 237.0804 235.8104 234.2227 232.7075 231.1222 229.4754 227.8104 226.1469 224.6732 223.5426 222.467 220.6658 219.4056 221.3022 221.618 221.9571 222.2551 222.5068 222.4493 222.2372 222.1189 222.3812 222.8469 224.647 225.9886 226.1455 225.1912 223.9308 220.5335 218.8256 217.9 217.1614 216.3189 215.4273 214.4887
246.1957 244.4073 242.5413 241.2134 239.7539 238.0768 234.2258 235.2142 235.4599 233.2305 234.6193 235.9914 236.4178 236.6835 236.693 236.7225 237.0089 236.7911 236.5066 236.595 236.6948 236.787 236.279 235.364 235.1117 235.4877 235.1298 234.1008 233.0962 232.1622 231.1351 229.7246 228.0658 226.4008 224.736 223.1462 221.8772 220.7545 219.6794 218.6081 217.2247 218.2462 219.0445 219.5088 219.8898 220.2201 220.2479 220.3336 220.6077 221.2582 221.6812 221.871 222.7301 223.1556 222.526 221.5329 219.3965 218.2312 216.8279 216.0773 215.4737 214.6108 213.7387
243.1078 240.9061 239.2153 237.6633 235.7308 234.4159 231.2088 231.5618 232.156 230.6774 230.9292 232.0016 232.2809 232.5082 232.552 232.6484 232.998 232.9843 233.063 233.163 233.263 233.363 233.0534 232.1997 232.2562 232.1994 231.2547 230.2281 229.129 228.1835 227.1671 226.2273 224.96 223.3264 221.6773 220.3066 219.0892 217.97 216.9361 215.8671 214.763 215.5532 216.8254 217.8076 218.6487 219.248 219.4618 219.6819 220.2305 220.6022 220.4786 220.3508 220.3128 220.6229 220.2431 219.5408 218.8337 217.356 215.7968 214.8531 214.4624 213.7735 212.9027
239.7959 237.3342 235.5468 233.5232 231.7788 230.7166 228.0472 227.9251 228.2576 227.2187 227.3927 228.5083 229.1647 229.7526 229.9712 230.2345 230.6086 230.2956 229.8215 229.735 229.83 229.93 229.7901 229.1355 229.1887 228.3779 227.3696 226.3571 225.1979 224.2045 223.1492 222.2073 221.2903 220.1628 218.7544 217.5304 216.4288 215.4414 214.3902 213.3348 213.415 214.8615 216.1461 217.052 217.9167 218.5786 218.8105 219.2086 219.5206 219.3819 219.2098 219.0653 218.9957 218.9266 218.5933 218.158 217.8402 216.528 214.7899 213.6429 213.2527 212.8306 212.0664
234.8574 232.9913 231.1981 229.3889 227.9793 226.5736 225.7053 224.9769 224.2695 224.508 226.0347 227.1865 227.8856 228.5306 228.7292 228.7113 228.7534 228.3074 227.6304 226.9732 226.5443 226.4986 226.4813 226.1001 225.5003 224.4924 223.4844 222.4763 221.3149 220.2252 219.2658 218.4331 217.561 216.7472 216.0106 215.2412 214.638 213.8869 212.8183 212.3438 213.2019 214.3316 215.4041 216.2905 217.1636 217.9024 218.2252 218.4355 218.2853 218.1131 217.9408 217.7841 217.7066 217.6183 217.2419 216.5928 215.9762 215.3765 213.8706 212.4737 212.0242 211.6518 211.1774
230.9017 229.4061 228.4944 227.7349 226.6757 225.5047 224.3452 223.3634 222.6026 223.3838 225.1056 225.9862 226.6436 227.2983 227.5803 227.5574 227.3695 226.5072 225.7689 225.0559 224.3514 223.6787 223.2383 222.6073 221.6157 220.6077 219.5993 218.5909 217.4715 216.3765 215.9126 215.2096 214.4609 214.1629 214.098 213.7783 213.1142 212.4433 211.5471 211.841 212.78 213.8476 214.8898 215.7011 216.4759 217.2068 217.3472 217.1887 217.0165 216.8443 216.6723 216.5062 216.4175 216.2918 215.9033 215.3202 214.6481 213.4722 212.4561 211.3341 210.9467 210.7567 210.5
230.3608 229.3668 228.4289 227.5299 226.4694 225.3047 223.7573 223.3117 222.2389 222.0399 224.2355 224.7558 225.3998 226.0556 226.4309 226.4052 225.9111 224.853 224.0151 223.2936 222.5125 221.521 220.2374 218.9287 217.8919 216.8386 215.793 214.7553 213.8385 213.4293 213.1132 212.9957 212.7185 212.6255 212.5884 212.4082 211.7933 211.1561 211.0487 211.7925 212.6552 213.6698 214.7474 215.5073 216.0401 216.1466 216.0494 215.9148 215.7476 215.5757 215.4034 215.2326 215.1286 214.9471 214.5582 213.994 213.4809 212.2119 211.1028 210.3349 210.5527 211.0297 210.3393
230.2209 228.809 227.614 227.2489 226.2592 224.974 224.8603 224.9652 223.5554 220.7116 223.581 223.824 224.2377 224.8136 225.2688 225.1981 224.3471 223.2445 222.1808 220.9658 219.695 218.3989 216.8476 215.3503 214.3174 213.3033 212.2397 211.2663 211.0725 211.19 211.5552 211.7067 211.382 211.2145 211.0978 211.0029 210.4646 210.497 211.2342 212.5864 213.4144 213.8189 214.3551 214.8081 214.8181 214.7287 214.6326 214.5422 214.4426 214.304 214.1346 213.9626 213.8367 213.5857 213.2078 212.7345 212.418 211.244 209.9964 209.5835 209.5434 208.9955 208.8813
229.0988 227.5623 226.445 226.3696 225.6982 224.321 224.2539 223.6625 222.5102 220.1112 222.516 223.0105 223.4177 223.7916 223.9274 223.2589 222.4644 221.2839 219.3742 217.7743 216.4904 215.1244 213.4088 211.8629 210.6138 209.7695 208.9712 208.6739 209.0221 209.7523 210.2308 210.4164 210.068 209.8612 209.7188 209.5936 209.7229 210.317 211.4535 212.4194 212.7492 212.8763 213.0435 213.4487 213.4057 213.3076 213.21 213.117 213.0278 212.9384 212.8355 212.6916 212.5313 212.2353 212.0103 211.9257 211.8376 210.8673 208.6645 208.4584 207.5605 212.0865 214.5695
227.855 226.3019 225.2857 225.1442 224.5445 223.583 222.9187 222.0817 221.0148 219.2917 220.9547 221.3994 221.6979 221.8212 221.3673 220.7257 219.7786 218.1642 216.3024 214.589 213.3083 211.8403 210.012 208.932 208.4115 207.7309 207.4399 207.5816 207.7564 208.3704 208.9492 209.1381 208.7991 208.4931 208.3917 208.7543 209.3994 209.9931 210.6777 211.3591 211.5515 211.646 211.7873 212.0407 212.0489 211.9208 211.7996 211.6967 211.6179 211.5397 211.4644 211.3919 211.3334 211.2889 211.292 211.5097 210.0306 208.0447 209.0189 213.0838 218.1901 221.579 221.2345
226.6013 225.0405 224.1043 223.834 223.3006 222.7952 222.0661 221.0053 219.5158 217.8692 218.5598 218.5816 218.7884 218.6665 218.0769 217.796 216.4717 214.7158 213.0933 211.73 210.5888 209.6696 209.5746 209.3631 208.8987 208.7046 207.3198 206.8269 206.321 206.9709 207.9827 207.812 207.4152 207.69 207.8139 208.4225 209.0782 209.2746 209.6142 210.2752 210.3855 210.4084 210.4661 210.7855 210.5506 210.4595 210.3977 210.4285 210.4813 210.4451 210.3902 210.2741 210.5161 210.3149 209.1752 208.1502 213.5171 218.5669 221.5861 221.7462 222.077 222.341 222.4363
224.8691 223.4616 223.0089 222.8575 222.6703 222.2859 221.4641 220.1529 218.8171 217.3887 216.8202 216.3071 215.9822 215.4815 214.7193 214.0383 213.3615 212.2982 212.1121 211.4192 210.9326 211.1622 210.9188 210.2479 209.6386 209.2843 208.4098 207.9562 206.8828 206.5565 207.1376 206.3358 207.155 207.7651 207.7357 208.1748 208.7417 208.664 208.6292 208.8371 208.9483 208.9287 208.9611 209.8152 209.0569 209.1423 209.1138 209.2969 209.3356 209.4196 209.3312 208.8989 208.2746 207.0016 209.9185 217.5097 221.0462 221.8952 221.7262 221.2742 222.0819 222.636 223.0212
221.5775 221.8385 222.3141 222.4753 222.3926 221.8221 220.675 219.3368 218.5727 217.7287 217.2593 216.7218 216.5855 216.6043 216.1539 215.9903 216.008 215.8427 214.9591 213.9465 213.1053 212.9571 212.4049 211.4511 210.5894 209.9229 209.1724 208.4261 207.3729 205.5191 205.5161 206.1671 206.9899 207.612 207.7578 208.0444 207.4851 205.3604 204.3042 204.1749 204.2899 204.8243 205.4171 206.2403 206.4095 206.6113 206.4695 206.4794 206.4596 206.3968 206.1312 206.2821 208.0852 213.8453 217.6378 219.0602 219.9898 220.923 221.2062 220.7706 221.5716 222.7324 223.211
219.8921 221.2168 222.086 222.3056 222.5729 222.297 222.7603 223.3064 223.7753 223.3475 222.6702 221.7376 221.0162 220.4951 219.0017 218.6178 218.0377 217.6447 217.431 216.5938 215.6547 214.8251 213.9223 212.8163 211.6493 210.3657 209.3187 208.226 206.935 204.1412 203.7705 205.8514 206.609 207.1289 207.8129 205.7147 203.8803 203.9731 204.0702 204.5211 204.9213 205.2954 205.8602 206.8157 206.6645 206.0144 206.1391 206.6909 207.3598 208.1538 208.8743 210.2172 213.563 216.2279 217.2918 218.4186 218.988 219.9115 220.4916 220.2785 220.951 222.3458 223.3677
220.7175 222.8809 224.6666 226.3236 227.9492 228.3162 228.746 227.9313 225.5991 223.14 221.7961 220.6858 220.38 220.123 220.118 219.5842 218.9393 218.5358 218.546 218.2837 217.0785 215.6692 214.3455 213.0631 211.7647 210.2485 209.1066 207.4062 203.5911 202.632 202.8809 204.0276 205.6848 205.9689 205.9181 204.6142 204.8757 204.9569 205.0407 205.6999 206.6005 207.2058 207.669 207.9372 208.0047 208.0703 208.1665 208.4466 208.8599 209.4442 210.4908 213.6277 214.7196 215.912 216.8424 217.7971 218.1006 218.8913 219.5877 219.7607 220.3304 221.7179 223.1729
224.2619 226.0202 227.1174 226.687 226.2313 225.9627 223.9924 221.2076 218.592 217.4473 217.4883 217.7222 218.1847 218.8744 219.6589 219.917 219.6161 219.2404 218.7185 217.9759 216.8243 215.4935 214.1731 212.8585 211.7011 210.1258 208.2164 203.7229 202.1763 202.4502 202.4716 202.9001 203.2864 203.5989 203.9395 204.3893 204.9655 205.4669 205.8104 206.6618 207.0833 207.4272 207.7633 207.9541 208.0919 208.1372 208.4413 209.027 210.6045 211.4857 212.3457 212.9084 213.9069 215.2387 216.306 217.1914 217.3348 217.867 218.6376 219.0702 219.6731 220.8845 222.4026
219.4036 220.4105 219.9811 219.3234 218.3834 217.2038 214.7256 211.8138 211.2189 212.5679 214.0966 215.1058 215.5916 216.183 217.0745 217.2775 217.3558 217.0513 216.2276 215.3177 214.5514 213.5556 212.4803 211.3835 210.6887 206.1723 201.6971 201.5204 201.9626 202.054 201.9149 202.377 202.76 203.3261 203.7086 204.1383 204.6788 205.2356 205.9076 206.6671 207.048 207.4534 207.8201 208.0301 208.1608 208.2267 208.3407 209.8132 211.7487 212.1692 212.8185 213.4814 214.3383 215.1653 215.6193 216.4066 216.6711 217.1404 218.1029 218.916 219.979 221.4769 223.076
213.0514 213.7053 213.3901 212.826 211.438 209.9971 208.9473 208.3257 208.0755 209.3398 210.95 212.0566 212.8456 213.2083 213.6313 214.1272 213.9563 213.5251 213.1231 212.4348 212.0342 210.1579 205.979 204.1444 202.3412 201.4147 201.4114 201.0688 201.6323 201.283 201.3693 201.7775 202.3683 203.0005 203.4519 203.5575 203.9381 204.6322 205.7875 206.5319 207.0092 207.395 207.8538 208.1626 208.215 208.3063 209.2394 211.3393 211.9365 212.5138 213.1018 213.672 214.2711 215.0843 215.8015 216.7167 217.353 218.2158 219.3592 220.6155 222.1264 223.9397 225.253
207.0939 207.5013 207.9288 208.0909 208.4076 208.3325 207.8481 207.461 207.1799 207.7361 208.5952 208.977 207.5096 205.0268 205.3035 206.3512 206.0192 207.7509 209.7337 209.4506 207.8968 200.362 200.178 199.95 199.9714 200.7496 201.0527 200.2916 201.5003 201.707 201.4663 201.5056 202.0718 202.4473 202.7675 203.2055 203.0494 203.4397 205.7664 206.4581 206.9554 207.3267 207.8068 208.2607 208.5739 209.1167 210.7534 211.4836 211.9971 212.7709 213.2936 213.8577 214.3452 215.0096 215.7064 216.5245 218.3753 220.0796 221.7382 223.3527 224.9189 226.4856 227.8759
