shetran-prepare-snow/examples/Haltwhistle50m/demasciiHaltwhistle_Burn.txt
ncols         300
nrows         220
xllcorner     366000
yllcorner     563000
cellsize      50
NODATA_value  -9999
[rows 168 to 195 of 220, columns 126 to 188 of 300]
223.727 221.7762 220.6807 220.5181 220.3422 220.702 224.1638 229.9961 234.951 238.1202 240.031 243.0848 245.5044 248.0162 249.7211 250.3659 250.2349 250.5476 250.0325 248.9431 247.7073 246.882 246.1008 245.6468 246.4071 246.6897 246.0338 246.1041 246.4432 246.6185 246.5355 246.5884 246.5589 245.6823 245.0054 245.9805 245.6563 245.639 246.7924 249.3171 250.6028 251.0221 250.9412 251.1763 251.5838 250.8924 250.0339 249.5485 248.6077 247.8893 247.3726 246.2232 243.6611 240.6408 236.9857 233.0587 229.0889 224.8498 220.5563 216.3501 212.5164 209.0634 205.7108
221.8562 221.1348 222.6601 225.7828 230.4361 236.5627 244.2934 249.5028 252.1948 253.828 255.2069 256.6637 257.7517 257.7698 259.0028 259.5573 258.6676 258.1673 256.9849 255.2165 253.6315 252.6149 251.8713 251.5013 251.8332 251.8271 251.5379 250.9998 250.7275 250.3906 249.9833 249.5294 248.852 248.1852 245.5227 247.4168 248.1533 247.7745 248.8644 249.7844 249.7105 249.6501 249.5818 249.5787 248.9095 247.5522 245.7834 244.6556 243.6501 242.7961 241.9258 240.22 237.5863 234.8494 231.3721 227.4496 223.5281 219.4489 215.2465 211.3843 207.7105 204.3995 201.4902
223.2766 225.0639 229.7805 234.5557 240.8332 246.6543 250.8427 253.83 255.6847 256.9088 257.864 259.6796 260.9825 261.5084 262.4092 262.0506 261.4025 261.55 260.6583 258.9593 256.3755 255.2001 254.5145 253.3133 252.9607 252.336 251.9868 250.9519 249.981 248.8362 247.8406 247.5059 247.1355 246.387 245.3057 245.7237 246.6204 246.6835 246.9482 246.8002 245.9825 245.0921 245.2721 245.0246 244.0959 242.611 241.1241 239.9137 238.8389 237.6509 236.031 234.1551 231.5516 228.8749 225.7507 221.8415 217.921 214.0758 210.3908 206.6253 203.2206 200.1603 197.9712
228.2179 231.4551 235.4201 239.5453 244.4914 248.2836 251.5226 254.4086 255.8475 256.591 257.0832 258.8634 260.4565 261.9694 263.2244 262.7298 262.4427 261.3367 259.5907 258.1054 256.8833 255.5422 254.1417 252.3966 250.7391 249.8785 248.8981 247.5657 246.5358 245.572 244.4935 243.9082 243.4402 243.0143 240.963 240.2974 242.6044 242.1885 242.9758 243.0437 242.397 241.0502 239.8646 239.3477 239.0338 237.9451 236.4929 235.1931 234.0643 232.1324 230.1749 227.6276 224.8327 222.287 219.9387 216.234 212.3134 208.8435 206.0013 202.5074 199.4248 196.7759 194.9775
234.0327 236.1847 238.419 241.8667 245.1046 248.5826 252.0457 254.7941 256.0812 255.9604 255.9633 256.7932 258.1681 259.5677 260.2977 260.063 259.4998 258.5383 256.3147 254.8855 254.0193 252.7506 251.1271 249.2982 247.5457 246.6248 245.3632 243.9719 242.8708 241.9731 241.1035 240.4309 239.9425 239.1742 236.1462 234.6162 237.9545 238.7389 239.198 239.3135 238.7923 237.5295 236.2742 234.9972 234.4405 233.5133 231.9172 230.4906 228.8211 226.4176 223.9251 220.87 218.0546 215.8148 213.7956 210.6262 206.7194 203.695 201.2924 198.6971 195.9285 193.9504 192.1487
236.8887 237.431 238.1668 239.9013 242.6536 246.2036 249.7587 252.4247 253.2351 252.9575 252.7094 252.9108 253.6055 254.9129 255.8605 255.4706 254.9431 254.5808 253.0438 251.5275 250.4303 249.3931 248.1274 247.0032 246.0524 244.9068 243.5005 242.2084 240.8477 239.8383 239.0628 238.4876 237.7941 237.6348 236.0785 231.8617 230.7459 234.5001 235.7856 235.5528 235.1513 234.1349 233.0321 231.6241 230.2433 229.113 227.2218 224.977 222.4066 219.7126 216.9734 214.08 211.4296 209.4032 207.412 204.9239 201.2465 198.6199 196.4406 194.5663 192.8107 190.9919 189.5032
233.7518 234.3043 235.8275 237.4585 239.0064 241.0308 243.9605 246.1564 247.5696 247.9897 248.645 249.0762 249.4601 250.0971 250.9251 250.9678 251.1864 251.7379 251.671 250.6167 249.4902 248.3369 247.1979 246.2071 245.6435 245.2879 244.0786 242.8643 241.4266 240.0147 238.8614 237.8545 236.6986 235.9696 236.4112 234.3633 225.1948 226.9489 229.8979 230.478 230.251 230.1119 229.1976 227.5353 225.6179 223.2935 220.5131 217.7776 215.0927 212.3857 209.7414 207.206 205.1492 203.1752 201.0418 198.9149 195.9817 193.9856 192.5026 191.1393 189.6908 188.6346 187.899
230.4558 231.8519 233.2272 234.4038 235.4533 236.7256 238.5849 240.5536 242.0612 243.45 244.4737 245.0616 245.7842 246.4007 246.6546 247.193 247.8661 248.6831 250.1088 250.0942 248.742 247.8135 246.6556 245.5908 244.3077 243.0944 241.9774 240.6757 239.2739 238.0115 237.0988 236.2166 235.3164 234.3375 233.6402 230.0681 220.5992 219.4239 221.8806 223.6158 224.1579 223.9645 222.9752 221.2041 219.1609 216.6491 213.8555 211.2153 208.6287 205.8428 203.2618 200.7728 198.7035 197.4284 195.4771 193.2481 191.8467 190.605 189.2951 187.9515 187.5852 187.5366 187.3169
227.3345 228.4147 229.4829 230.5428 231.5297 232.8198 234.6203 236.5113 237.863 239.1709 240.5526 241.5437 242.3639 243.1371 244.1455 244.7982 244.9547 245.5011 245.928 247.1339 247.2416 245.8453 244.5184 243.0049 240.8993 239.0204 237.6887 236.3459 235.0862 234.2218 233.1491 232.0673 230.9854 229.8874 228.5991 225.5981 218.9067 213.2466 214.3373 215.5609 217.3972 217.1999 216.4469 214.7586 212.6381 209.9977 207.2402 204.7561 202.3189 199.6603 197.0801 194.5283 192.6509 191.5076 190.3326 188.9873 188.0595 187.3232 186.1831 186.0707 186.5556 186.6171 186.4275
223.4719 224.5575 225.6247 226.6222 227.6109 228.9124 230.8109 232.894 234.2845 235.7095 237.2831 238.169 238.9856 240.3535 241.8729 242.3086 242.158 241.994 241.762 241.9511 241.743 240.4862 239.0505 237.7633 236.4622 234.6714 232.449 230.4203 229.2935 228.8013 227.9137 226.8318 225.7462 224.5272 223.4155 222.1295 217.7611 213.326 209.6172 207.3876 207.9599 210.3043 210.1425 208.5433 206.6666 204.1196 201.7228 199.3189 196.9229 194.3788 191.7781 189.7092 188.9523 188.021 186.9476 185.7489 184.0103 184.4852 184.9977 185.4338 185.7423 185.6194 185.3512
219.5005 220.6993 221.7333 222.668 223.7061 225.0145 227.094 229.2648 230.8229 232.5102 234.0151 234.8033 235.7029 237.4237 238.3716 238.6038 238.7289 238.5291 237.7886 236.5561 235.3502 234.0588 232.6442 231.3637 230.5139 229.2341 226.7564 224.6573 223.5719 223.0955 222.6759 221.5961 220.4422 219.4751 218.8798 217.7209 216.3056 214.6908 212.2902 209.0096 205.6286 202.224 202.0809 202.2492 201.8359 200.6669 198.5302 195.9873 193.4868 190.8384 188.1372 186.0282 185.3731 184.7288 183.8154 182.178 181.8924 183.919 184.4095 184.6426 184.7399 184.4783 184.1997
215.7419 217.0039 217.7838 218.7325 219.8095 221.1911 223.3767 225.8158 227.6406 229.3459 230.7142 231.4449 232.5565 233.8896 233.7645 233.4698 233.0058 232.6808 231.6411 230.2876 228.935 227.5933 226.2225 224.9749 224.6553 223.2019 221.5814 219.666 218.0357 217.2491 217.3046 216.3609 215.5552 215.0818 214.3276 213.296 212.8346 212.0726 211.4853 210.2702 208.4462 205.9324 202.1895 195.0258 195.0487 196.6866 194.8353 192.4179 189.9137 187.2192 184.4993 182.4164 181.5689 181.0694 180.4221 178.2536 179.4919 180.7712 181.2514 181.4652 181.434 181.1818 180.9034
214.2125 215.6311 217.1482 218.5822 219.4656 220.2898 221.2597 223.0011 224.6359 226.1895 227.11 227.8085 228.2186 228.3255 227.4394 226.334 225.7041 225.233 224.1569 222.9975 221.8499 220.7369 219.7207 218.6969 218.9464 217.431 216.2516 214.939 213.2378 212.7143 211.9678 211.6638 211.1935 210.7104 209.8486 209.5598 209.1899 208.5362 208.0255 207.2662 205.88 204.0259 201.5539 196.8814 188.4178 189.6093 190.4184 188.3113 185.8704 183.595 180.864 178.8784 177.7609 177.0292 177.0662 174.7761 175.4623 176.1645 176.8282 177.0753 177.0002 176.833 176.5675
216.2914 214.6308 218.7571 219.7739 219.704 219.523 219.4563 219.9026 221.3662 222.4607 222.5531 222.9824 222.7482 222.3707 221.3693 219.8268 219.0058 218.3588 217.5065 216.5769 215.7088 215.0817 214.5044 213.3962 212.6169 211.8831 210.8985 210.0292 209.166 208.5613 208.2415 207.5595 206.8979 206.3457 206.0315 205.9063 205.4321 204.9042 204.0241 202.5666 201.0559 199.3039 197.3145 194.8463 189.9075 183.9617 185.8406 184.1719 181.4239 179.565 177.2314 175.3232 173.8599 172.6262 172.5456 171.1375 171.2254 171.7654 172.3256 172.6621 172.5489 172.4143 172.2265
216.5798 212.7024 217.0958 217.9023 217.4373 216.8231 216.643 216.7841 217.6225 218.3305 218.178 218.1147 217.7467 217.2356 216.5538 215.6503 215.0946 214.4608 213.6823 212.9788 212.5332 212.17 211.6297 210.5473 209.4809 208.6851 207.8319 206.909 205.9338 204.9925 204.443 203.8327 203.2141 202.4932 202.261 201.9654 201.137 200.6116 199.3737 197.7786 196.229 194.5253 192.5134 190.5628 188.5527 183.2672 179.2392 179.3564 176.7513 174.5713 173.137 171.9591 170.908 169.5366 168.3041 167.6594 167.0679 167.7478 168.5415 169.1098 168.3631 168.082 167.8742
213.4543 212.6555 210.794 214.3711 214.5087 213.8885 213.4943 213.3148 213.9181 214.3263 214.4689 214.712 214.7769 214.5425 214.1364 213.3948 212.8755 212.273 211.4615 211.157 210.8081 210.0155 209.0458 207.9287 206.8042 205.6718 204.6672 203.7376 202.7826 201.9396 201.333 200.7094 199.991 198.9422 198.4405 197.8417 196.8529 196.156 194.7414 193.1349 191.6481 190.3662 188.5927 186.6867 184.7397 181.0109 177.0823 175.8359 175.5397 175.2712 174.1669 172.9903 171.7489 170.664 169.8085 168.5818 165.3644 164.5598 166.181 167.4869 165.6641 164.4759 163.3828
208.527 209.9184 204.9771 209.6035 210.7309 210.2981 210.0018 209.8084 210.9322 211.4345 211.6904 211.9478 212.2339 212.2021 211.9369 211.3559 210.8079 210.1197 209.2355 208.6113 207.6288 206.5201 205.5499 204.5014 203.3554 202.191 201.1124 200.3956 199.4934 198.857 198.1717 197.5504 196.647 195.5243 194.5657 193.6384 192.6188 191.6476 190.2346 189.0162 187.9593 187.0715 186.052 184.1168 182.0323 179.8634 178.423 177.5881 177.5311 175.3781 173.814 172.4559 171.5952 170.2185 169.4407 168.5314 167.1697 164.2678 167.0963 167.8884 167.407 163.9281 160.7075
202.7374 204.5279 202.1529 202.2046 206.5427 206.7228 206.2498 206.5289 208.0512 208.7029 208.9594 209.1815 209.2487 209.0608 208.8699 208.3556 207.4622 206.1733 204.7946 203.75 202.7372 201.8552 201.2024 200.5154 199.6993 198.6687 197.4683 196.7869 196.0057 195.1296 194.3239 193.6931 192.8776 191.6408 190.4734 189.4436 188.4361 187.6161 186.5593 185.5004 184.4525 183.5644 182.9971 181.7587 179.9445 181.129 179.3776 176.8813 175.224 173.4409 172.0132 171.0447 169.7584 168.5862 167.4485 166.4255 166.3687 166.0428 167.5406 168.3323 168.1639 168.0535 167.4831
197.231 198.7546 199.3853 196.0722 200.9266 203.3713 203.3328 203.5935 204.7118 205.5007 205.4826 205.1666 204.7821 204.3115 203.9434 203.2129 202.2405 201.1296 199.6781 198.5532 197.6144 196.7423 195.9754 195.3922 194.7417 193.7736 192.4442 191.3824 190.7382 189.9942 189.1986 188.1993 188.2714 187.3982 186.2833 185.268 184.6281 184.1867 183.1493 182.0855 181.0276 180.2871 179.4829 179.3501 180.179 179.0612 176.7722 174.5406 173.5424 173.1446 173.1698 172.9356 172.15 170.9326 168.9824 166.4859 163.6281 163.8697 164.9402 165.9993 167.0858 167.9656 168.4351
193.9023 194.7627 194.4114 191.5597 195.8756 198.2349 199.2821 199.5545 199.3553 199.7093 199.6886 199.9371 199.7465 199.0238 198.2518 197.6899 196.8945 195.9258 194.6162 193.403 192.5158 191.6262 190.7353 189.832 188.761 187.5529 186.0378 184.4479 183.9803 183.716 183.3351 182.6427 183.0061 182.8425 182.087 181.2133 181.3587 180.7546 179.7458 178.9606 178.4918 178.1779 177.7108 177.4846 176.7889 175.753 174.4328 175.6536 176.8343 176.4077 174.6061 172.2555 170.6565 169.0344 167.1308 165.2988 162.9944 159.6305 159.9884 161.5123 163.5026 165.609 166.3446
190.8061 192.4094 191.4889 187.0543 190.0564 191.033 192.1724 193.5106 193.1721 193.5882 193.7227 193.6834 192.8531 191.815 190.8724 190.463 190.3593 190.0463 188.7198 187.7677 186.8908 185.9366 184.9029 183.7262 182.5886 181.3312 179.6379 177.8095 177.1871 177.1459 177.2691 177.6932 177.7409 177.5069 177.5834 177.8296 178.2279 177.7112 177.2916 176.9605 176.6319 176.2903 175.5187 174.6701 174.0935 173.476 175.2994 176.0384 175.3065 173.9414 172.3375 170.3514 168.6663 166.9564 165.1968 163.5312 160.7751 158.4381 156.8336 157.6667 159.9879 162.4015 163.5997
185.9971 188.4713 187.9096 183.8565 185.3169 185.297 185.0447 186.4474 186.934 187.4116 187.3172 186.5829 185.5334 184.4214 183.4699 182.815 182.6872 182.3634 181.8651 181.3197 180.8485 179.9984 178.8624 177.7077 176.575 175.4674 174.2425 172.7989 171.3522 171.6115 172.4118 173.7838 174.0813 174.35 175.2409 175.7316 175.7475 175.6267 175.4197 175.1136 174.7579 173.9138 172.5924 171.5649 171.5113 171.6054 173.7542 173.6708 172.7361 171.2387 169.6608 168.1 166.5733 165.0877 163.5656 161.4407 159.0762 157.6294 156.3634 154.7606 156.4283 159.0163 160.3897
179.474 183.4042 182.9973 180.6957 183.1824 181.8597 180.2453 179.3391 180.2474 180.8292 180.1783 179.3425 178.215 177.0593 176.078 175.2622 174.9872 174.5065 174.8963 174.3063 173.9784 173.9567 173.8071 173.027 172.0567 171.6359 170.748 169.4905 168.4481 166.731 167.2455 169.9463 171.345 172.124 173.2664 173.6348 173.3169 173.2377 173.1603 173.0438 172.2927 170.9705 169.6267 168.374 168.625 169.9453 171.1107 171.2072 169.9343 168.2117 166.5332 165.0616 163.6821 162.9766 161.849 159.8586 158.0175 156.8559 155.8653 154.4094 153.2933 155.0689 156.2796
174.9667 176.2327 178.69 177.2502 177.6493 177.3596 175.9216 174.3119 173.8505 173.2521 173.0905 172.4349 171.1565 170.004 169.2519 167.8818 165.8777 167.0914 168.3114 168.118 167.1584 167.0905 167.364 167.8164 167.9682 168.094 167.3745 166.8266 166.5564 165.2736 162.0613 164.5488 167.4342 169.2454 170.9043 171.2121 170.8979 170.8096 170.6568 170.291 169.2272 167.949 166.6291 165.2984 165.2642 166.7755 167.8629 168.1455 166.6868 164.9492 163.4076 161.7929 160.7479 160.1307 159.4071 158.5419 157.1414 156.3084 155.6743 155.0786 152.97 151.471 151.2632
174.2878 171.6953 171.6095 173.2849 172.3758 172.4919 171.9805 171.6391 170.5079 170.4979 170.0726 169.7756 168.9474 168.4408 167.8973 167.3374 166.648 163.0059 160.3586 162.8266 160.047 159.905 160.3101 161.2749 163.0224 164.0816 164.0566 163.5512 163.051 162.9607 161.2881 158.3072 161.1046 163.788 166.8072 168.4238 168.4123 168.2037 167.9705 167.2381 166.0831 164.885 163.5681 161.8839 160.7162 161.6457 163.2206 164.4638 163.3986 161.7452 160.0955 158.6009 157.8796 156.9635 156.2813 155.8149 155.2361 154.963 154.6547 154.303 154.1718 153.5176 151.5334
171.9801 169.5834 168.552 166.9153 168.1492 167.8202 168.8425 169.0306 168.4533 166.9751 167.3205 168.382 168.9764 169.4794 169.3898 168.2785 166.5891 163.2686 156.0846 154.1086 150.3944 151.6396 153.7874 155.6333 157.4365 158.2875 158.7754 158.703 158.0909 158.3742 158.2965 156.6569 155.1669 159.3021 162.506 164.4637 165.1138 165.2087 165.1305 164.1552 162.9978 161.8504 160.4899 158.6571 156.8269 156.3155 157.5708 158.897 159.4654 158.4105 156.7464 155.6263 154.7672 153.6512 153.1684 152.4317 151.5637 151.3079 151.0698 150.7115 150.5899 149.9533 150.564
167.5879 167.6561 168.0667 166.666 163.2486 161.6 164.5506 166.0902 166.6471 166.1754 164.3276 163.6767 164.551 165.2529 166.0725 166.2772 165.1628 162.7404 155.8237 150.6964 148.0642 143.3265 147.1217 149.1379 149.8879 149.6555 151.4323 152.4183 152.0029 153.504 154.3267 153.8779 150.2444 152.5265 157.8332 160.1543 161.016 161.4128 162.1307 161.7103 160.6574 159.8237 158.913 157.2223 154.6585 152.3982 151.8307 152.5361 154.3071 154.904 153.5162 152.5572 151.4119 150.4135 150.0253 148.8076 147.906 147.6087 147.2634 146.7928 146.4663 145.3018 144.0462
162.6673 165.1761 165.6127 165.1393 163.3734 160.5369 156.2084 157.5 161.2229 162.0474 162.1881 160.1138 159.3302 159.2079 160.0673 161.259 162.0398 161.5081 159.2058 156.1375 153.1123 144.3821 138.9998 139.7465 141.3816 141.2288 143.4305 144.5363 144.7756 148.3635 150.1912 149.6632 146.2245 146.8003 151.688 154.7677 155.9428 156.8292 157.6504 158.349 158.5299 157.9444 157.2174 155.6279 153.2776 151.1951 149.0746 146.3207 148.3377 150.1159 150.2969 149.2434 148.0189 147.2588 146.6967 145.0975 144.2984 143.98 143.58 143.1101 142.9533 142.4001 141.4282
