shetran-prepare-snow/examples/Haltwhistle50m/demasciiHaltwhistle_Burn.txt
ncols         300
nrows         220
xllcorner     366000
yllcorner     563000
cellsize      50
NODATA_value  -9999
[rows 112 to 139 of 220, columns 189 to 251 of 300]
277.2941 277.2089 276.8742 276.1878 275.2371 274.1031 272.8178 271.7589 270.4941 267.9752 265.299 263.094 261.7295 261.0216 260.3603 259.8479 259.2999 259.1336 258.9094 257.7366 256.6156 255.0967 254.5576 254.2182 253.6355 249.19 250.8203 252.1178 253.1526 254.3653 256.313 258.0803 259.5697 261.3647 264.7916 269.8677 276.99 288.1359 305.0831 310.9982 311.0336 309.9595 308.0345 305.624 302.7814 299.9789 296.325 292.0214 287.9035 284.2908 281.0524 277.785 275.2067 271.8292 268.1474 264.1102 260.7521 256.5955 252.0723 247.6893 243.7985 240.6619 238.0691
280.0844 279.5393 278.3544 277.1995 276.199 274.8995 273.7982 272.6497 270.7441 267.9482 265.728 264.4619 263.3122 262.2456 261.109 259.6509 257.6235 256.0042 256.3688 255.8028 253.8487 252.4101 251.444 250.9671 250.1992 247.344 248.1507 249.0705 250.1477 251.1285 251.8177 252.9688 254.4912 256.4779 261.4719 267.8451 277.5174 291.2358 300.9556 304.2773 304.067 301.8911 299.561 297.1711 294.785 291.9845 288.0558 284.2007 281.0751 277.4457 273.3428 270.0921 267.6855 264.1473 260.9195 256.331 252.215 248.4658 244.8636 244.5371 243.6294 242.3943 239.8714
281.0509 279.7966 278.1926 276.4667 275.1683 274.0653 273.5437 273.1214 271.9032 269.8145 267.3461 264.4351 262.1083 260.1145 258.0442 256.5472 253.9322 251.582 251.7583 251.4972 249.2719 247.6832 246.9586 246.1583 245.8137 244.6932 245.3227 246.0133 246.7319 246.7233 246.9951 247.9161 249.5136 252.7987 258.7922 266.6935 278.0874 287.4743 292.6392 295.5809 296.5037 294.0602 291.7225 289.2913 286.4146 283.2539 280.1029 276.6274 273.0454 269.3023 265.2937 262.0521 259.2664 256.3414 253.4937 249.7657 245.7097 245.7021 249.5217 248.532 242.6177 238.6577 236.3216
281.3574 280.4835 279.6232 277.2354 273.8601 271.8953 271.3243 270.4918 269.2255 266.5543 263.7368 261.0943 258.5753 255.194 253.3296 251.7271 249.8324 247.4224 246.4957 245.4672 244.3876 243.4469 242.8413 242.3173 242.7307 242.9399 243.2979 243.8912 244.1474 243.8373 244.0763 245.1984 247.0086 251.64 257.9633 265.4349 272.8879 279.8019 284.0141 286.8886 288.5971 286.5102 283.7637 280.5709 277.3476 274.1581 270.7604 267.1184 263.5673 260.3168 257.0395 254.0366 251.1031 247.9239 245.2726 244.7187 248.2174 248.5885 245.5424 240.7914 237.5082 235.9273 235.4826
286.2515 283.9966 280.5445 276.4402 272.1558 267.4509 265.0707 263.7839 261.8392 259.4671 257.2365 254.8823 252.2564 249.7662 247.7347 245.9659 245.0537 244.4534 243.9715 243.5554 243.0684 242.4981 241.7383 241.3347 241.7182 241.91 242.1 242.3163 242.3179 241.9841 242.3124 243.8259 246.0537 250.6003 255.7057 261.5343 266.9068 271.0635 274.3612 276.9152 278.1125 276.7957 275.1685 271.838 268.1999 264.4892 260.7366 256.9475 253.5057 250.7073 247.9906 245.2063 242.4391 240.3546 240.5821 245.6572 244.6371 241.8503 239.2413 237.8426 237.3955 237.2788 237.8462
280.8378 277.4453 272.9664 269.3276 265.6571 261.7063 259.1784 257.5486 255.644 253.3172 250.8573 248.2154 245.3277 243.9608 243.5813 243.5456 243.7833 243.6247 243.0913 242.4305 241.8623 241.2248 240.7173 240.4119 240.743 240.754 240.906 240.8441 240.1051 239.9988 240.6665 242.6387 245.5184 249.122 253.3587 257.5897 262.4312 265.8232 268.0468 269.2887 269.1502 267.916 265.7274 261.8564 257.8354 253.7083 249.8686 246.5897 244.1377 241.8896 239.5648 237.0211 235.4819 236.6516 239.985 240.3715 239.9799 239.3585 239.3582 240.4999 240.1749 240.9836 242.0903
271.9141 267.9579 264.5954 261.9973 259.339 256.3101 253.4922 251.5021 250.0298 248.0833 245.738 243.765 242.9651 242.7359 242.8555 242.9454 243.0446 242.716 242.08 241.3656 240.6332 239.9871 239.703 239.6502 239.7958 239.7601 239.6578 239.5717 239.57 239.57 239.5947 240.9094 244.2224 247.7704 251.3825 255.1583 257.9188 260.5601 262.0179 261.1919 259.4048 257.6898 254.7723 251.1978 247.1674 243.261 239.966 237.9469 236.3325 234.7587 233.3903 232.3341 233.5716 235.7331 237.9237 238.9386 239.814 240.4299 241.3189 244.9594 247.0698 246.2637 243.9115
265.0413 262.2587 259.2224 255.8716 252.8676 250.9055 248.3671 246.8528 245.591 244.3442 243.8278 243.302 242.7548 242.4816 242.3503 242.3965 242.3313 241.711 241.0664 240.3971 239.7042 239.57 239.57 239.57 239.57 239.57 239.57 239.57 239.57 239.57 239.6006 240.2977 243.0283 246.6271 249.8806 252.6961 254.3545 255.1105 253.9912 252.0296 249.9479 246.855 243.5685 240.872 238.5923 235.8838 234.2496 233.329 231.4987 231.3529 232.2963 233.7111 235.4307 237.4445 239.3877 241.0517 242.118 243.1344 246.2668 247.6129 246.2301 243.6735 240.3407
259.8882 257.2417 254.4508 251.2088 247.96 247.1247 246.5172 245.9929 245.3491 244.585 243.9674 243.3637 242.8233 242.858 242.4847 242.0116 241.5631 240.8276 240.0601 239.6452 239.57 239.57 239.57 239.57 239.57 239.6753 239.9567 240.2216 241.1501 241.7327 241.9683 242.7972 243.0714 244.5994 249.1123 249.4705 248.6581 247.0453 244.9654 242.2739 239.6371 236.2611 234.0852 232.8949 231.7105 230.7313 230.1645 230.1322 230.9137 232.5161 234.1718 236.3317 238.3394 240.2392 242.0959 243.8047 245.4483 246.0719 246.1759 245.0037 242.2455 238.6519 233.9911
254.9346 252.2038 249.8296 248.4199 247.5415 247.0565 246.6541 246.5769 246.7647 247.4691 248.2487 248.7848 248.1573 247.1964 244.9802 242.0285 240.9147 240.3262 239.6292 239.941 241.8323 245.9284 251.8915 255.532 256.5748 256.6414 254.5675 254.4164 253.9463 250.3267 247.3899 247.3569 247.3815 242.4113 245.1205 242.8072 240.3337 238.308 236.0164 233.4211 230.9465 229.0003 227.9637 227.2909 227.3417 227.6367 228.2775 229.7219 232.9045 234.6299 236.8663 239.542 241.6771 243.1507 244.8003 246.0875 245.9377 244.5594 242.5648 239.5299 235.182 231.401 227.6802
250.5404 249.9424 251.0896 252.2494 253.6725 254.7035 254.9709 254.4015 253.6271 252.8269 252.0296 250.7347 248.8402 246.3454 242.7033 241.1489 241.2413 245.2673 256.0058 267.7825 274.6148 276.5493 274.9985 272.7785 269.6914 265.2852 258.1782 254.2354 251.3211 248.0836 246.1021 245.8632 246.8803 243.0705 234.5713 232.3907 232.104 230.1942 228.2821 226.6952 225.3596 225.1476 224.3279 223.9908 224.7471 226.1234 228.1173 231.4838 235.0951 237.3991 240.2098 243.1953 245.1276 246.1997 246.1426 244.5958 241.9802 239.079 236.2081 233.2367 229.7844 227.3468 226.1306
255.6073 258.8278 260.5236 260.3066 259.8455 257.7677 255.3384 252.6838 250.6119 248.8336 247.5698 246.6375 245.1759 243.4383 241.8291 245.3807 261.6325 276.6676 278.7877 275.8835 272.9677 270.2597 267.3014 266.2425 264.3963 260.5345 253.378 248.3859 245.9455 243.0971 240.5687 239.2693 237.6912 233.7834 228.5327 226.7036 226.6998 225.7712 224.8414 223.5728 222.753 222.4352 222.0409 221.9263 223.606 226.0707 228.8375 232.1644 236.2314 239.2021 241.8429 243.6999 244.5627 244.2841 242.6825 240.1767 236.9435 232.867 230.1326 228.9006 228.9729 229.2643 229.9578
260.6217 260.0437 258.8167 257.0473 255.3801 252.5957 249.2145 247.2916 247.0419 247.6266 249.6538 250.3076 252.2796 253.6803 246.6042 265.0238 275.1923 273.9329 271.0679 267.8243 263.862 260.1087 260.1194 256.3491 255.5249 249.6299 245.9871 244.1554 240.7958 238.1122 236.3526 234.5969 232.6431 230.9218 226.8574 225.2181 224.4947 223.3368 222.3822 221.3821 220.7686 220.2249 219.8429 220.9733 223.7624 226.6573 229.2748 231.7254 234.9879 237.538 239.4428 241.0908 241.4231 240.808 238.5422 234.4302 230.763 228.6126 229.5804 230.5607 232.7428 234.1573 235.3269
256.8712 255.0852 253.1268 251.0388 248.2843 245.6402 245.3858 248.6422 253.5094 263.0281 270.9433 267.1297 257.2384 265.9884 253.7397 262.9542 267.2136 265.8442 263.2306 260.5456 256.9383 252.5059 250.0704 245.4929 244.3298 244.4987 242.7644 239.0084 235.8687 233.981 232.741 231.8748 230.222 228.5237 225.6764 223.8787 222.8422 221.9784 220.7728 219.4677 219.0681 219.117 219.3045 220.2278 224.2233 227.3945 229.4606 230.8232 232.5823 234.4724 236.1627 237.6813 236.4612 234.0762 230.8922 228.8075 229.0618 231.105 233.6565 235.7518 238.9267 241.0596 246.1089
247.9039 247.3323 246.5852 245.7873 247.6564 251.7792 260.6228 264.9982 257.6722 259.526 264.3531 263.3697 251.8939 253.3995 249.3571 248.1529 256.4225 256.8159 255.5295 252.9343 248.9777 243.9799 242.018 242.206 241.231 238.1708 233.8075 231.8064 232.2946 231.9355 231.6901 231.4059 229.646 227.0115 224.9739 223.6185 222.4021 221.4245 220.9635 221.3993 221.7056 222.1276 222.5642 220.8848 225.2247 226.9239 227.736 228.8916 230.412 231.5702 233.1411 233.5105 229.1322 228.2923 230.4022 231.1606 233.1416 236.2112 238.0391 243.007 251.5455 257.6394 257.2351
257.0315 262.7338 267.6105 270.7918 270.285 268.4483 266.8223 264.2538 259.2412 254.4521 255.7691 255.1763 250.664 246.179 248.7361 241.1941 244.3726 247.9403 247.5537 244.0299 240.1935 238.7268 238.6889 235.9992 232.7069 231.1258 229.9271 230.2014 231.6968 231.6292 231.4084 231.1018 229.4652 227.089 225.7275 224.5998 223.4709 222.5378 222.7668 223.5616 224.6213 224.8845 223.7475 220.2859 223.3402 224.3625 225.3533 226.4015 227.717 228.8066 229.4624 227.6249 224.568 228.1947 230.3536 232.5836 235.8133 239.5359 247.2459 259.7238 260.4332 256.0464 251.3497
273.3671 271.8885 269.9492 267.3979 263.6169 261.474 259.7822 257.373 254.2541 249.7859 247.9646 246.7247 243.8287 240.7041 239.3378 235.3801 235.5119 239.4501 238.4132 236.7905 235.5788 234.2354 232.895 231.9602 230.9624 230.3295 229.7053 229.8 230.7727 231.2351 231.0995 230.7867 229.3681 227.8043 226.6135 225.645 224.6988 224.3828 224.4976 224.9012 224.8104 224.1314 223.003 219.5421 220.8295 221.0204 220.7721 221.6914 223.6251 225.6241 225.6898 223.3772 222.4133 226.3791 230.0806 234.6114 241.3438 248.8088 256.7291 256.8389 253.81 249.6368 246.1204
266.0272 262.993 261.4562 258.2959 254.942 252.726 250.7381 248.2466 245.5091 242.1839 239.5173 238.0161 235.9265 234.5904 233.5665 233.4895 233.5059 233.3467 233.2616 233.4077 233.1805 232.7953 232.1477 231.5392 230.6207 229.9955 229.1809 228.246 228.5265 230.0477 230.6279 229.8672 228.8678 227.7018 226.655 226.1694 225.7632 225.3594 224.5074 224.2544 223.6998 222.9399 222.1616 219.128 217.7536 217.233 215.9791 215.3869 219.2711 221.8282 221.0287 218.6683 221.4695 226.2848 232.4539 242.0546 251.3272 253.5263 253.5046 251.5308 249.3844 248.1162 249.9289
253.9445 251.9729 250.1147 246.9422 244.0421 242.019 240.6454 238.2769 235.8325 233.9067 232.3959 232.1144 232.2486 232.3449 232.7109 233.2882 233.3405 233.2791 233.0067 232.8873 232.883 232.6477 231.9695 231.4274 230.5575 229.5385 228.5867 227.5074 227.269 228.8823 229.3278 227.5009 226.6538 225.8564 225.3174 225.1281 225.008 224.8875 224.3339 223.8716 223.5771 223.4024 223.2185 222.8914 222.0602 221.8729 221.4892 219.064 213.1768 214.5254 213.7925 211.3303 219.8793 228.1163 240.6979 251.0097 250.5783 250.2337 249.6271 249.986 251.4313 254.6708 256.1931
244.4525 243.8978 239.5422 236.2658 233.104 231.4794 231.0612 230.3295 229.8716 229.9814 230.5388 231.0172 231.2177 231.7277 232.5526 233.1716 233.3203 233.4373 233.0676 232.8604 232.9683 233.9357 234.8884 235.1219 233.7303 231.4684 228.8478 227.3287 226.925 227.8975 228.6968 227.3113 227.3105 226.7821 226.4413 226.0983 225.8 225.7066 225.5057 225.2498 225.0085 224.7335 224.479 224.978 225.0599 224.4363 223.7074 222.387 218.9107 212.5152 209.5325 206.7379 220.7534 234.7974 246.362 248.0045 248.6196 250.8113 253.9666 254.7088 257.8756 259.671 258.1457
229.4522 230.2049 229.0625 228.3941 228.3144 228.6516 229.0712 229.3619 229.2404 229.1555 229.5292 230.0245 230.3729 231.3387 232.395 233.0444 233.2779 233.6198 233.3944 234.5247 237.1281 238.9391 239.9908 240.0706 238.54 236.6541 233.8216 231.3269 229.7047 229.8728 229.9496 229.997 229.8061 228.8792 228.065 227.7093 227.4907 227.3496 227.0097 226.8294 226.4266 225.8655 225.7165 226.7743 226.6021 225.4513 224.311 222.0102 215.4123 207.0892 208.4507 215.9052 231.5054 240.4622 242.7023 245.8008 249.3065 252.9346 255.0431 259.5153 258.9812 256.0145 252.7083
229.1582 226.4083 225.6622 226.4929 227.79 228.1775 228.9582 229.3012 228.9823 228.532 228.3894 229.117 230.0263 231.4404 232.6579 233.2033 233.757 235.0307 237.3835 240.5062 243.3335 245.1907 246.1843 245.9999 243.8294 241.2023 238.1231 235.112 233.4083 232.8076 231.7029 231.7422 231.7736 230.9804 229.8399 229.3568 229.1568 228.6999 227.9507 227.3024 226.6541 226.2658 226.059 225.668 224.506 222.9992 220.9056 215.344 204.16 206.4122 217.9165 227.4656 234.4439 237.8452 241.791 246.4787 250.6357 254.7528 257.824 257.3829 255.0127 253.2165 251.7677
225.8347 224.6721 224.9135 225.5956 227.2061 227.8762 228.8885 229.2344 228.6483 227.6604 227.3268 228.512 231.0197 232.8314 234.9985 235.9253 237.2993 239.1115 242.7095 246.372 249.3771 250.5401 250.2525 248.6418 246.2325 243.3443 240.4619 237.9251 236.452 234.9798 232.2673 231.6648 232.1259 231.9374 230.8993 229.637 228.1668 226.793 225.4792 224.5065 223.4962 222.1498 221.4262 219.8198 217.993 215.7545 211.0788 208.1522 199.5748 200.9521 219.3002 229.2573 234.0827 238.9366 244.5316 249.8907 253.835 256.7624 256.9465 254.3543 253.7208 250.9975 248.2984
223.9861 224.2459 224.6244 225.0893 227.0604 228.9639 230.0247 229.7389 228.7419 227.8476 226.8347 227.8981 231.4487 234.2535 236.9574 239.512 241.0872 242.9836 246.118 248.8468 250.0188 248.84 247.2838 245.7316 244.2059 242.5126 240.5058 238.9855 237.9081 235.9841 233.206 231.5673 231.0907 229.5445 227.4423 225.3528 223.3337 221.8639 220.6127 219.6799 218.6703 216.2825 215.0975 211.7863 208.2043 203.8284 199.1127 198.1258 196.0861 213.1856 227.5119 232.3128 237.3385 242.1737 247.6671 252.2443 256.0594 257.218 255.7893 251.7597 248.9567 245.527 243.4266
223.7039 224.1345 224.3118 225.4443 228.0109 229.9253 230.7501 230.0038 229.3711 228.8432 227.3552 227.3486 231.1659 234.8913 238.0867 240.2008 241.3294 241.8197 242.27 243.1848 242.9591 241.6453 240.8178 239.6204 238.4651 237.3199 236.1372 234.8792 233.5982 232.2137 230.4098 228.4629 226.6172 224.3079 222.0049 220.0194 218.2131 216.9547 215.6408 214.451 213.5996 210.0483 206.4441 201.8977 196.4704 193.5964 190.6283 196.4509 212.4492 225.1013 229.5941 234.3286 239.6412 245.1349 250.421 253.1496 254.5134 253.8534 251.815 247.6825 244.5694 242.6346 241.1844
223.4585 224.0949 224.5862 226.3742 229.133 230.9188 231.6258 231.2059 230.619 229.7842 227.6901 225.6777 229.3222 232.3771 234.1715 235.0074 235.6024 235.8355 236.0777 236.2526 235.1203 234.102 233.7176 233.2891 232.1207 230.9176 229.6509 228.3684 227.0914 225.7075 223.848 221.9032 220.3663 218.685 216.5636 214.5752 213.2967 212.369 211.481 210.1182 207.6799 200.7071 195.4969 190.646 187.8813 189.4554 200.729 216.1487 223.4102 227.3172 231.4304 236.3549 241.3503 246.6686 249.8776 251.1501 250.4971 249.0781 246.813 244.7911 243.1393 241.7475 240.3695
224.0388 225.645 227.2656 228.8831 230.3664 231.6004 232.3186 232.4247 231.9688 230.6006 228.3415 223.5048 224.6793 227.6952 228.8671 229.6605 230.1371 230.17 230.2176 230.1095 229.1531 228.1506 227.3088 226.809 225.6949 224.4274 223.1453 221.8631 220.5875 219.1952 217.2875 215.3426 213.8806 212.3628 210.8594 209.5568 208.5111 207.4965 206.6834 205.1726 199.2251 189.7784 182.7827 181.5058 192.4656 208.6922 216.5802 220.443 224.6768 228.9395 233.2867 237.4769 240.9886 243.3462 244.2269 247.7674 248.0014 247.3076 246.0907 244.9029 243.017 241.7165 240.3623
226.551 227.5998 228.7058 229.8257 231.0968 231.5863 232.1671 232.1177 230.78 228.633 226.262 219.9508 218.7625 222.3299 223.5707 224.562 224.8388 224.8664 224.8645 224.7048 223.9221 222.7513 221.5694 220.5441 219.4793 218.2846 217.1047 215.9403 214.7821 213.1514 210.9771 208.9406 207.8226 207.0647 206.0928 205.1296 203.6808 202.6429 201.5112 197.6072 188.978 180.8761 177.5909 189.6407 206.3298 212.6289 217.1265 221.4749 225.6334 228.582 232.0773 235.8488 238.1872 241.2174 245.8989 247.586 248.1573 247.2667 246.3076 245.8198 245.2267 244.9818 245.1376
