shetran-prepare-snow/examples/Haltwhistle50m/mindemasciiHaltwhistle_Burn.txt
ncols         300
nrows         220
xllcorner     366000
yllcorner     563000
cellsize      50
NODATA_value  -9999
[rows 0 to 31 of 220, columns 72 to 143 of 300]
253.73 252.72 251.26 248.52 243.87 241.63 242.07 243.96 247.41 249.14 251 251.24 250.18 249.29 248.4 247.49 246.62 246.19 246.33 247.28 248.58 249.79 252.11 254.76 256.05 258.69 261.84 263.88 265.69 267.29 268.86 271.76 273.68 273.75 273.34 274.15 275.04 274.1 273.27 271.07 269.89 268.54 268.07 267.78 267.48 267.24 266.94 266.87 267.79 268.87 271.54 274.3 276.07 278.84 280.14 281.22 280.46 277.95 275.3 274.74 275.54 277.06 278.61 277.5 275.3 273.3 270.91 268.26 266.75 266.63 266.83 267.19
251.24 250.23 249.14 246.94 244.3 241.49 240.64 243.08 245.02 246.9 248.8 249.78 249.26 248.37 247.47 246.56 245.68 245.3 245.47 246.73 248.03 249.32 251.33 252.62 253.97 257.6 260.39 262.59 264.45 266.13 269.1 272.04 272.97 272.33 271.71 271.27 269.94 268.57 267.77 267.31 267.35 267.43 267.52 267.59 267.32 267.03 266.69 266.76 268.32 270.16 273.05 274.51 275.27 276.34 277.45 277.99 277.75 275.99 274.99 274.9 275.74 277.27 276.51 273.35 271.92 270.66 268.81 265.09 264.2 263.94 264.29 265.99
248.75 247.74 246.64 245.36 242.51 240.47 240.77 243.19 244.69 246.42 247.98 248.69 248.27 247.45 246.55 245.63 244.74 244.41 244.89 246.18 247.48 248.91 250.16 251.57 253.51 256.76 259.26 261.67 263.21 264.54 268.08 270.89 271.37 270.89 269.67 268.16 266.93 266.15 265.69 265.75 266.28 266.36 266.46 266.59 266.64 265.81 265.55 265.9 267.57 269.42 271.55 272.31 273.35 273.86 273.76 273.65 273.88 274.58 275.12 276.63 277.16 275.37 273.47 270.56 268.96 267.87 264.96 261.55 260.96 260.94 262.11 264.25
246.33 245.25 244.14 242.12 239.94 239.79 241.58 243.1 244.45 245.95 247.25 247.61 247.18 246.46 245.62 244.71 243.8 243.54 244.34 245.72 247.32 248.87 249.95 251.03 252.87 255.53 258.18 260.43 261.21 263.3 267.1 268.77 268.82 268.56 267.78 266.48 265.74 265.04 264.4 264.29 264.88 265.28 265.4 265.53 265.66 263.82 263.6 263.88 265.62 267.2 267.89 267.95 267.89 267.34 266.43 266.51 266.91 267.97 269.04 271.85 271.7 270.22 268.64 267.85 265.81 263.95 260.35 258.35 257.92 258.21 260.35 262.48
243.95 242.75 241.9 239.15 238.72 239.73 242.34 243.47 244.49 245.83 246.52 246.64 246.1 245.19 244.26 243.51 242.75 242.67 244.13 245.72 247.31 248.67 249.75 250.78 252.04 253.71 255.39 257.34 259.03 263.01 266.25 266.48 266.58 266.16 265.38 265.26 264.63 263.92 263.22 262.89 263.26 263.97 264.08 264.21 264.19 262.38 261.66 261.91 262.5 263.31 262.74 262.15 261.19 260.42 260.74 260.94 260.89 262.1 262.77 265.61 265.5 264.4 262.92 262.48 262.65 259.03 255.58 254.43 254.6 256.46 258.58 260.71
240.79 238.77 238.35 238.49 238.63 241.87 242.74 243.77 244.94 246.05 246.15 245.68 244.74 243.81 242.87 242.03 241.96 242.35 244.13 245.72 247.31 248.44 249.46 250.49 251.69 253.37 255.04 256.62 257.76 261.98 264.66 264.33 264.34 263.75 263.67 263.79 263.34 262.72 262.1 261.49 261.51 261.24 261.32 260.76 260.12 259.75 259.1 258.68 258.87 259.32 257.71 256.56 255.94 255.97 257.12 257.45 256.27 256.12 256.66 259.29 258.94 258.68 257.77 256.33 255.86 254.53 252.27 252.36 253.58 256.05 257.4 259.26
238.69 237.91 238.13 239.1 241.15 242.67 243.49 244.44 245.3 246.28 246.21 245.58 244.5 243.42 241.9 241.23 241.46 242.44 244.36 245.78 247.12 248.16 249.18 250.2 251.34 253.02 254.56 255.92 256.97 259.32 261.29 261.76 262.13 262.05 262.16 262.28 262.04 261.51 261.09 260.68 259.59 258.46 257.38 256.69 256.05 256.01 256 255.48 255.45 255.68 254.52 253.87 253.98 254.22 254.63 254.63 253.61 253.45 253.44 253.99 254.76 255.65 255.96 255 253.28 251.6 250.4 250.35 253.11 255.5 256.38 257.83
237.42 237.04 238.3 239.12 241.12 242.58 244.06 245.29 246.27 247.05 247.15 246.22 244.11 242.08 240.47 240.45 241.02 242.75 244.67 246.29 246.88 248.09 249 249.92 251 252.5 253.86 255.22 256.48 257.68 259 259.86 260.72 261.4 261.51 261.63 261.56 261.14 260.73 260.28 259.23 258.1 256.95 255.8 254.64 253.23 252.65 252.28 252.22 252.76 253.36 253.22 253.37 253.63 253.25 252.64 251.24 250.92 251.72 252.8 253.82 254.67 255.25 254.63 253.32 251.02 248.27 248.8 251.37 252.68 253.96 256.72
237.26 236.42 237.55 239.49 241.03 242.55 244.84 247.32 247.86 248.34 248.64 246.78 244.4 241.94 240.08 240.13 241.06 243.67 245.67 246.25 246.64 247.43 248.94 249.85 250.86 252.22 253.58 254.94 255.14 256.03 257.7 259.36 260.36 261.04 261.15 261.52 261.37 260.78 260.37 259.88 258.87 257.74 256.59 255.45 254.3 252.7 249.65 249.49 251.09 251.72 252.08 252.55 252.75 253.27 252.78 250.93 249.21 248.93 250.46 251.56 252.76 254.02 255.08 254.48 251.7 248.69 245.95 246.53 248.37 249.68 252.32 256.08
237.65 235.86 236.76 239.05 241.29 244.08 246.88 249.37 250.2 250.73 248.88 246.93 244.4 242.06 240.08 240.14 242.2 243.76 245.23 245.86 246.39 246.87 248.54 249.82 251.87 253.81 254.9 254.84 253.83 254.47 256.13 257.8 259.46 260.73 261.12 261.57 261.2 260.5 260.01 259.47 258.46 257.37 256.23 255.08 254.03 251.76 247.29 247.23 249.79 250.22 250.35 251.63 252.14 252.83 252.54 250.18 247.21 246.29 248.83 251.1 253.03 254.87 255.21 253.2 248.61 245.42 244.01 244.31 245.95 248.41 252.33 255.97
237.43 234.92 236.08 239.85 243.1 246.12 248.92 251.32 252.6 251.18 248.71 246.47 244.43 242.09 239.7 240.12 241.46 242.67 244.45 245.18 245.8 246.47 248.23 251.09 254.18 257.29 257.15 254.84 252.38 252.9 254.56 256.22 257.88 260.24 260.97 261.62 261.03 260.33 259.64 259.07 258.06 257.04 256.08 255.05 254.03 252.06 246.92 244.26 243.32 245.99 248.35 250.7 251.9 252.59 252.32 249.44 244.67 244.19 249.41 253.39 255.92 257.32 254.65 249.8 245.41 242.61 242.26 243.4 244.56 247.53 251.17 254.84
236.22 234.73 236.22 240.63 244.67 247.86 250.95 253.16 253.44 251.06 248.67 246.4 244.35 242.17 239.17 239.39 240.45 241.7 243.48 244.61 245.45 246.29 249.04 253.88 257.63 257.13 254.41 251.21 249.92 250.95 252.98 254.64 256.3 259.52 260.39 261.38 260.94 260.21 259.48 258.52 257 256.02 255.31 254.5 253.69 252.64 251.15 248.12 241.3 238.87 248.35 251.86 254.09 254.64 253.26 248.62 243.26 244.01 250.62 255.24 256.35 254.52 251.29 246.28 241.71 240.71 240.93 241.9 243.27 246.63 250.02 253.3
235.05 234.41 236.68 241.39 245.73 249.42 251.99 253.4 252.19 250.33 247.89 245.11 243.66 241.59 239.08 239.13 240.25 241.79 243.58 244.72 245.57 246.41 247.45 250.79 255.38 253.45 250.7 248.09 247.51 248.95 251.06 253.06 254.97 258.45 260.32 262.23 261.45 260.54 259.63 257.54 255.73 254.99 254.28 253.56 252.59 251.17 249.52 245.17 234.96 234.81 245.86 248.32 250.39 252.01 250.19 246.81 241.34 240.74 246.69 250.48 252.3 252.4 250.32 245.59 240.62 239.57 239.71 240.53 242.4 245.6 248.67 252.08
233.33 233.79 237.38 241.27 245.4 248.3 250.3 251.49 250.63 248.98 246.55 244.43 242.74 241.2 237.58 238.48 241.72 244.47 246.48 247.33 248.09 248.36 247.7 248.36 251.23 249.67 246.92 245.26 245.09 246.96 249.02 251.21 253.59 256.2 259.29 261.56 261.37 260.35 258.21 255.87 254.03 253.11 252.2 251.29 250.06 248.21 244.88 239.74 232.39 233.91 240.95 242.41 243.82 245.01 243.65 243.28 238.58 239.14 243.66 249.47 251.02 250.64 248.85 245.61 240.67 239.17 238.91 239.57 241.51 244.35 247.34 249.92
232.57 234.34 237.46 239.81 243.86 246.06 247.76 248.47 247.71 246.91 245.4 243.42 240.9 236.44 236.96 239.24 244.53 247.08 249.26 250.2 251 250.71 248.28 246.25 246.52 245.56 243.67 242.96 243.23 244.95 247.19 250.06 252.94 254.64 256.55 258.42 257.94 256.76 254.69 252.84 251.45 250.29 249.38 248.2 246.75 244.33 240.37 235.35 230.87 231.01 233.56 235.57 236.76 237.92 238.23 238.16 238.16 238.09 241.64 246.06 248.53 248.88 247.08 244.71 241.59 239.03 238.28 238.66 240.73 243.23 246.11 246.84
232.23 234.21 236.66 238.37 240.31 242.61 245.13 245.34 245.13 244.35 243.13 241.22 235.7 235.96 239.04 244.06 247.42 250.2 251.94 253.13 253.74 252.69 250.74 245.75 242.95 241.85 241.59 241.62 242.63 244.64 247.19 250.01 252.86 254.59 255.59 255.05 254.27 253.04 251.66 250.27 248.88 247.49 246.53 245.09 243.35 239.87 235.95 231.91 229.54 229.36 229.46 229.59 230.11 231.26 233.27 235 236.16 236.27 238.67 242.05 244.84 245.56 243.81 241.47 239.69 237.91 238.14 238.67 239.94 242.44 244.99 243.08
231.64 233.43 235.24 236.61 237.63 238.44 242.22 243.54 242.57 241.78 240.71 237.5 234.35 237.32 244.16 246.61 247.21 250.7 253.31 253.58 254.05 252.98 250.34 247.03 242.82 240.77 240.88 240.92 242.64 245.4 250.16 253.15 254.3 255.27 255.58 254.02 251.56 250.63 248.9 247.56 246.21 244.87 242.97 241.02 238.49 235.68 231.63 228.55 227.98 228.11 228.42 228.7 229.18 229.13 230.17 232.5 233.67 234.39 236.71 239.31 240.35 239.48 238.13 236.78 236.65 237.52 238.19 238.74 239.34 241.69 243.18 242.88
231.37 233.4 234.59 235.62 236.39 237.46 240.18 241.75 241.21 240.42 238.23 233.76 233.57 240.67 243.06 244.07 245.32 247.88 250.09 250.83 250.27 247.66 245.71 243.68 241.24 239.86 240.26 240.93 242.74 248.41 253.12 256.17 257.63 257.54 255.8 252.15 249.48 248.44 246.11 244.77 243.42 241.71 238.77 236.67 233.7 231.24 228.18 227.75 227.82 228.2 228.73 229.26 230.13 229.09 229.77 229.94 231.19 232.39 233.57 231.98 232.67 232.84 233.58 234.41 236.19 237.47 238.32 238.81 239.36 240.82 241.37 242.27
229.67 233.04 234.1 235.2 236.29 237.6 238.68 239.78 240.38 239.47 237.25 233.02 232.34 238.7 240.33 241.35 241.84 242.07 243.42 243.87 243.31 241.76 240.59 239.31 239.28 239.52 240.03 241.7 244.38 250.07 255.22 256.64 256.35 255.01 253.2 250.49 247.94 246.24 243.32 241.98 240.33 238.34 234.57 232.26 229.65 228.34 227.91 227.71 227.83 228.73 229.64 230.19 230.72 231.85 231.1 230.06 230.23 230.58 231.63 231.9 232.93 233.04 234.32 236.06 236.18 237.42 238.43 239.08 239.46 240.24 241.23 243.57
229.62 232.35 233.75 234.9 235.98 237.23 237.81 238.37 239.15 239.26 237.17 232.93 231.76 236.37 237.49 238.59 239.13 238.63 239.03 238.45 237.02 236.56 236.28 236.76 238.38 239.39 241.2 245.8 246.14 248.39 252.58 253.32 252.24 250.89 249.27 248.49 246.39 244.05 240.88 238.96 236.97 234.74 230.84 229.27 228.64 228.02 227.72 227.67 227.84 228.73 229.63 230.53 231.53 232.17 232.74 232.7 233.87 234.32 236.04 236.61 237.54 237.74 237.23 237.06 236.95 237.39 238.48 239.2 239.85 241.9 245.31 247.99
228.25 231.05 232.85 234.56 235.62 236.35 236.93 237.51 236.87 236.42 234.97 231.14 230.43 234.22 235.17 236.12 237.1 237.08 236.34 235.6 235.42 235.07 235.09 235.41 237.88 239.56 243.09 247.24 247.16 246.98 248 248.15 246.54 244.51 243.72 243.6 242.69 240.38 237.23 235.25 233.6 231.08 229.98 229.43 229.51 228.01 227.63 227.66 227.84 228.74 229.63 230.52 231.42 232.43 233.34 234.92 236.47 237.98 238.8 239.23 238.8 238.73 238.4 238.11 237.93 237.87 238.51 238.89 241.08 244.75 249.12 253.66
226.81 229.55 231.38 232.77 234.6 235.67 235.96 235.79 235.15 234.12 232.24 229.28 229.12 232.69 233.6 234.62 235.79 236.07 235.33 235.11 234.92 234.12 234.05 234.16 236.29 239.43 242.56 244.44 246.31 246.08 244.93 245.07 244.04 242.11 240.8 239.12 237.18 235.83 234.63 233.42 232.19 231.12 230.57 230.3 229.8 228.9 227.65 227.66 227.85 228.74 229.64 230.53 231.42 231.98 233.57 235.48 237.39 238.74 239.66 240.2 239.87 239.72 239.61 239.18 239 238.86 238.49 238.87 240.5 245.33 253.01 254.95
226.86 229.55 230.98 231.26 233.61 233.88 233.96 234.02 233.09 231.98 230.15 228.52 228.53 231.06 232.23 233.4 234.57 235.06 234.71 234.63 234.34 233.53 233.03 233.05 234.7 237.84 240.05 240.36 242.07 242.12 242.1 242.06 241.47 240.25 238.92 238.68 237.09 236.22 235.34 234.14 232.26 231.72 231.48 230.29 228.81 227.69 227.68 227.69 227.86 228.75 229.64 230.54 231.44 232.78 234.89 236.8 238.14 239.43 240.53 240.93 240.84 240.66 240.49 240.25 240.17 240.48 242.75 245.57 241.35 241.34 245.25 252.59
227.67 229.55 230.42 230.65 230.94 231.95 231.9 231.53 230.9 229.85 228.62 227.92 228.21 230.54 231.47 232.4 233.35 234.31 234.22 234.14 233.75 232.95 232.14 232.01 233.11 236.04 237.58 237.91 238.99 239.43 240.57 241.58 241.48 240.32 239.73 239.7 239.85 239.61 237.13 234.26 232.37 231.98 230.76 229.3 228.22 227.49 227.48 227.49 228.02 228.89 229.67 230.57 231.87 233.85 236.21 237.55 238.83 240.12 241.39 241.66 241.6 241.64 243.04 242.95 244.74 246.39 249.4 252.2 246.98 242.62 243.26 249.59
228.33 229.72 229.85 230.07 230.49 230.17 229.4 229.09 228.75 228.64 227.56 226.19 226.28 228.5 229.49 230.96 232.44 233.93 233.92 233.76 233.16 232.36 231.56 230.99 231.52 233.56 235.13 237.01 238.68 239.61 241.12 242.37 242.88 243.48 243.91 244.3 243.26 240.66 237.51 234.37 232.37 231.15 229.8 228.78 227.91 227.29 227.28 227.35 228.25 229.29 230.08 230.89 233.69 236 237.03 237.75 239.23 240.71 242.09 242.48 242.55 242.84 244.47 247.48 250.83 253.55 256.45 255.31 252.22 245.75 244.26 246.42
228.77 229.15 229.28 229.48 229.84 228.94 228.94 229.09 228.11 226.86 226.52 226.09 226.03 227.98 229.46 230.94 232.43 234.08 234.14 233.93 232.68 231.6 230.85 230.11 230.04 231.52 233.56 236.48 238.77 240.38 242.93 244.33 246.97 248.33 247.53 245.86 244.21 241.11 237.99 234.75 231.79 230.29 229.33 228.46 227.59 227.08 227.08 227.43 228.48 229.52 230.55 232.37 235.64 237.34 237.45 237.95 239.43 240.91 242.27 243.51 243.82 246.25 250.56 254.16 257.2 260.18 257.74 254.36 252.23 247.88 245.89 246.64
228.38 228.52 228.67 228.87 228.28 227.8 227.68 227.65 227.14 226.17 226.11 225.69 225.57 227.55 229.45 231.04 232.69 234.37 234.68 233.7 232.41 231.12 230.04 229.4 229.18 229.91 232.61 235.99 238.85 241.65 245.26 249.02 252.12 252.08 250.38 247.7 244.66 241.56 238.46 234.52 231.3 229.96 229.03 228.15 227.28 226.88 226.87 227.66 228.65 229.49 230.4 232.73 235.26 237.43 237.87 238.14 239.62 240.99 242.24 243.49 244.75 247.1 250.45 254.99 258.93 260.01 258.43 254.62 253.1 251.57 248.16 247.67
227.75 227.68 227.37 227.35 227.33 226.83 226.4 226.37 225.33 224.37 224.27 224.76 224.75 226.3 229.65 231.31 232.98 234.61 234.76 233.52 232.28 231.02 229.4 229.24 229.19 229.55 233.29 238.12 242.46 246.38 249.83 254.73 257.56 256.83 253.79 250.34 246.24 242.58 238.26 233.69 231.09 229.82 228.91 228 227.1 226.68 226.6 227.05 227.97 228.87 230.29 231.93 234.12 235.95 237.17 238.37 239.73 240.99 242.28 243.57 244.86 246.46 248.74 252.55 256.26 259.34 259.2 256.55 254.86 253.21 251.86 249.37
225.95 226.13 225.99 225.84 226.37 225.88 225.39 224.98 223.52 222.85 222.28 222.51 224.4 225.45 228.78 231.09 233.05 234.85 234.84 233.66 232.48 231.26 229.09 228.28 228.28 230.27 235.66 241.29 246.77 251.67 254.95 260.07 259.03 255.95 250.86 247 244.51 240.27 235.85 232.61 230.76 229.89 229.04 228.2 227.36 226.53 226.39 226.29 226.95 227.88 229.69 231.32 233.63 235.68 236.81 238.45 239.78 241.06 242.35 243.82 245.34 246.72 248.81 250.67 254.67 258.32 259.91 258.53 256.95 255.37 254.75 254.81
225.43 225.55 225.55 225.49 225.41 224.92 224.43 223.72 222.75 221.67 221.22 221.96 223.5 225.59 227.7 230.23 232.88 234.93 234.87 234.05 232.87 230.95 228.78 227.49 227.47 230.77 237.32 242.04 246.79 248.69 249.94 251.83 251.88 250.39 247.08 242.83 238.83 235.02 232.73 231.87 231.04 230.48 229.66 228.84 227.96 227.32 226.99 225.8 226.06 226.99 228.85 231.08 234.11 236.53 237.75 238.53 240 241.52 243.04 244.55 246.07 247.27 249.05 250.2 253.27 257.07 259.54 260.38 259.07 257.56 257.5 258.47
225.14 225.13 225.13 224.81 224.44 223.94 223.45 222.53 221.5 221.08 221 221.77 222.57 224.74 227.78 231.4 234.97 236.31 236.15 234.79 233.03 230.11 227.68 227.15 226.95 227.59 231.59 235.06 239.33 241.24 241.67 243.21 243.58 242.78 241.54 238.3 235.79 233.62 232.85 232.34 231.58 230.89 230.24 229.92 230.39 228.99 226.95 225.29 225.5 226.63 228.51 233.26 238.28 240.87 239.35 239.48 240.74 242.25 243.77 245.29 246.8 247.89 249.29 250.23 251.45 255.2 258.51 260.29 259.32 259.83 259.58 261.76
224.85 224.53 224.07 223.8 223.42 222.97 222.32 221.33 220.31 219.7 220.79 221.68 222.52 224.44 227.94 231.38 235.78 236.86 235.85 233.57 231.2 228.49 227.47 226.58 226.25 225.5 225.86 229.06 231.88 233.7 234.13 234.55 235.44 235.4 235.7 235.86 235.86 235.21 234.1 233.52 232.79 232.13 231.3 230.2 228.52 226.58 224.94 224.43 224.94 226.95 229.78 235.12 241.88 242.4 240.79 240.63 241.85 243.12 244.5 246.02 247.47 248.52 249.22 249.93 250.86 253.33 256.81 257.82 259.12 261.06 261.65 263.59
