shetran-prepare-snow/examples/Haltwhistle50m/mindemasciiHaltwhistle_Burn.txt
ncols         300
nrows         220
xllcorner     366000
yllcorner     563000
cellsize      50
NODATA_value  -9999
[rows 0 to 31 of 220, columns 0 to 71 of 300]
266.53 267.88 268.43 269.26 269.82 269.87 269.9 269.93 269.96 268.84 267.69 266.54 265.38 264.55 263.62 262.87 261.92 259.71 257.23 255.31 254.72 254.21 254.22 253.86 254.33 255.37 256.15 256.49 257.31 257.94 257.4 256.26 254.43 252.12 250.71 247.62 245.13 234.41 229.51 229.21 228.73 229.06 231.61 233.47 248.96 249.83 250.34 250.38 249.35 248.09 249.08 249.16 249.08 248.49 247.51 246.29 246.05 246.12 246.13 248.08 248.56 249.33 250.5 251.63 251.75 253.55 255.2 255.51 255.5 255.48 255.38 254.74
268.39 269.28 269.78 270.58 270.97 271.01 271.05 270.93 269.78 268.62 267.47 266.32 265.17 264.06 261.12 259.09 258.16 257.69 256.48 255.83 255.96 256.88 257.12 257.21 258.05 259.2 258.49 257.81 258.04 258.59 257.69 256.35 255.1 253.34 252.33 251.81 249.3 239.9 230.59 229.36 228.64 229.41 230.8 232.2 238.03 247.32 248.1 247.87 246.66 244.68 246.36 244.46 244.17 244.2 244.47 244.59 246.31 248.72 248.6 248.75 249.5 249.98 251.28 252.64 254.02 254.74 254.76 254.53 254.31 254.08 253.18 252.3
270.18 270.68 271.18 271.91 272.11 272.16 271.99 270.84 269.69 268.54 267.39 266.23 265.08 263.27 260.38 258.35 258.13 258.32 258.32 258.28 258.55 258.81 259.07 259.55 260.55 260.78 259.63 258.61 258.2 258.17 257.22 256.28 255.07 254.09 253.35 252.47 251.41 247.27 232.29 229.22 228.61 229.14 230.27 230.85 231.54 239.23 239.57 234.62 236.7 239.36 241.11 241.76 243.02 243.83 247.05 248.42 249.26 249.83 249.5 249.6 250.16 250.64 252.05 253.38 254.13 253.26 253.23 253 252.55 251.6 250.71 249.92
271.25 271.97 272.58 273.21 273.25 273.11 272.41 271.28 270.13 268.98 267.83 266.67 265.52 264.09 261.94 262.02 261.58 260.85 260.69 260.72 260.77 260.75 260.87 261.29 261.73 260.53 259.21 258.68 257.72 256.71 255.92 255.14 254.45 253.78 253.11 252.05 250.18 248.37 246.23 230.46 228.4 228.58 229.43 229.76 230.09 230.45 231 232.68 234.84 239.79 243.18 245.42 247.38 247.26 248.11 249.3 250.41 250.7 250.4 250.44 250.93 251.46 252.68 253.21 252.35 251.58 251.6 250.97 250.02 249.08 248.26 247.48
272.32 273.01 273.76 274.1 273.91 273.73 272.71 271.93 270.93 269.67 268.52 267.37 265.79 264.45 264.04 263.68 262.7 262.77 262.68 262.65 262.69 262.68 262.56 261.83 261.06 260.34 258.82 257.67 255.91 254.7 253.89 253.02 252.72 252.48 251.83 251.29 249.83 246.93 243.53 237.53 228.12 228.08 228.39 228.85 229.26 229.12 229.55 240.28 245.71 246.05 246.72 248.25 248.08 247.97 248.87 250.05 250.8 251.17 251.4 251.33 251.77 252.26 251.9 251.18 250.46 249.91 249.09 248.36 247.5 246.59 245.82 245.04
273.28 274.04 274.58 274.61 274.54 274.07 273.02 272.26 271.44 270.44 269.21 267.45 265.9 264.64 264.14 264.14 264.15 264.39 264.14 263.54 262.82 262.11 261.4 260.72 260.04 259.36 257.29 255.33 254.04 252.6 251.48 250.81 250.55 251.15 250.61 250.09 249.34 246.99 242.45 238.78 230.99 227.97 227.95 228.46 228.69 228.58 228.72 236.83 245.73 246.33 247.35 248.37 248.78 248.7 249.62 250.46 251.12 251.49 251.86 251.51 250.93 250.85 250.2 249.46 248.71 247.54 246.27 245.42 244.89 244.15 243.37 242.59
274.18 274.55 274.84 274.92 275.07 274.42 273.33 272.57 271.9 270.13 268.16 266.69 265.11 264.36 264.24 264.21 264.13 264.4 263.35 262.21 261.46 260.71 259.86 259.03 258.12 256.96 255.45 253.72 252 250.94 248.01 247.19 247.1 248.11 249.52 248.41 247.45 247.17 245.71 244.26 237.37 228.01 227.94 228.18 228.21 228.31 228.45 237.46 243.96 245.28 245.29 247.28 248.29 249.23 250.12 250.85 251.44 251.81 251.59 251 250.54 249.91 249.06 247.76 246.98 245.79 243.96 242.75 241.96 240.61 240.38 240.49
274.93 274.41 274.23 274.64 274.62 273.09 272.5 272.11 270.1 267.83 265.59 264.75 263.91 262.93 262.02 261.94 262.42 262.98 262.2 260.75 259.98 259.21 258.21 257.49 256.58 255.69 254.88 252.94 250.52 247.19 245.89 244.95 243.58 242.79 246.39 246.64 245.57 245.04 244.98 243.85 242.82 235.22 228.22 228.02 227.63 227.77 228.21 228.56 241.24 243.86 243.75 245.6 247.2 249.07 250.51 251.24 251.76 251.6 251.08 250.64 250.21 249.69 248.76 247.13 246.12 245.08 243.64 243.26 242.76 241.03 239.69 238.6
274.69 274.3 273.91 273.2 272.57 271.54 270.01 268.8 267.22 265.29 263.29 262.63 261.65 260.39 259.48 259.92 260.52 261.24 260.79 259.63 258.51 257.56 256.57 255.8 255.04 254.84 254.25 252.19 248.12 247.43 247.61 247.67 245.52 242.22 241.62 244.07 243.2 242.51 241.98 241.88 242.78 237.07 231.87 228.11 227.42 227.47 227.78 227.48 227.7 240.25 240.41 243.16 245.29 248.59 249.29 250.29 251.36 251.17 250.74 250.31 249.87 249.35 248.12 247.76 247.72 246.86 245.89 245.64 244.4 242.5 240.36 238.79
273.72 272.32 270.47 269.61 269.16 267.82 266.4 265.08 264.23 263.11 261.27 260.74 259.38 258.79 258.38 257.85 257.57 257.93 258.37 257.6 256.84 255.94 254.97 253.98 253.45 253.5 252.47 249.66 248.66 249.75 250.45 248.77 246.63 243.75 241.12 239.55 238.04 237.68 238.32 238.98 240.57 236.23 231.92 230.42 227.82 227.53 227.08 226.41 225.78 230.24 230.23 229.07 228.19 228.38 230.87 247.34 249.96 250.03 250.28 249.97 249.53 248.05 246.41 246.48 246.85 246.76 245.92 244.65 243.29 241.62 239.8 238.74
270.72 268.62 267.11 265.83 264.56 263.34 262.77 261.25 260.99 260.47 260.17 259.79 259.01 259.11 259.31 259.16 257.55 257.45 256.75 255.84 254.72 254.53 253.79 252.94 252.28 251.48 250.32 249.83 250.43 252.8 251.28 249.74 248.29 245.84 243.44 241.91 238.62 236.85 236.89 235.34 236.87 238.21 231.5 229.98 228.83 227.81 227.11 226.41 225.7 225.69 226.65 226.93 225.99 225.88 226.13 236.01 248.24 249 249.03 248.76 247.98 245.95 245.02 245.24 245.05 244.4 243.75 242.52 241.37 240.29 239.25 238.26
267.02 265.23 263.81 262.42 261.69 261.41 261.26 260.81 260.69 259.96 259.76 259.71 260.92 261.66 262.62 262.4 261.63 260.39 259.3 257.96 257.74 257.43 256.5 255.61 254.47 253.33 252.54 252.23 253.18 253.71 252.26 250.79 249.33 247.59 245.49 243.03 240.25 238.24 237.54 234.63 232.86 231.7 230.78 229.83 228.84 227.63 227.22 226.4 225.82 225.69 225.99 225.39 224.77 224.77 224.9 236.37 245.32 247.72 247.32 246.39 245.51 243.84 243.64 243.34 242.69 242.35 242.07 241.42 240.35 239.34 238.35 237.22
264.63 263.1 262.11 261.27 261.26 262.08 262.45 262.38 262.42 261.97 262.41 262.67 263.29 263.79 263.95 263.64 262.7 261.85 260.86 260.1 259.93 259.37 258.66 257.74 256.52 255.46 255.46 255 254.97 254.36 253.21 251.83 250.38 248.82 246.75 244.28 241.1 238.34 237.49 235.09 233.48 234.79 235.7 229.78 228.62 227.65 227.37 226.49 225.69 225.69 225.25 224.47 224.64 224.64 223.74 224.47 241.45 245.39 244.66 243.94 243.11 242.28 241.87 241.58 241.3 241.01 240.73 240.4 239.39 238.4 237.41 236.36
263.82 262.49 262.36 262.17 262.37 263.18 263.97 264.42 264.32 264.17 263.91 263.77 263.77 264.76 264.96 264.48 263.52 262.82 262.15 261.77 261.46 261.05 260.34 259.65 258.25 256.88 256.5 256.02 255.52 254.99 253.84 252.7 251.11 249.58 247.96 245.2 241.95 238.7 238.12 238.77 240.44 240.25 242.44 237.86 232.5 227.92 227.48 226.61 225.69 225.69 224.65 224.4 228.06 230.81 223.22 224.08 242.05 242.13 241.41 241.09 241.05 240.84 240.89 240.76 240.47 240.19 239.9 239.61 238.97 237.9 236.83 235.56
263.38 262.8 263.69 263.44 263.9 264.66 265.34 265.84 265.37 265.11 264.79 264.71 264.67 265.19 265.52 265.31 264.44 263.57 262.88 262.26 261.94 261.31 260.98 260.6 259.98 258.17 257.33 256.58 256.09 254.83 253.71 252.57 250.6 248.83 247.47 246.06 242.25 240.17 240.56 242.26 243.39 243.67 244.59 245.67 241.98 236.69 233.27 226.68 226.09 225.72 224.83 228.2 226.18 222.43 222.54 236.57 240.01 239.97 239.93 239.89 239.74 239.4 239.38 239.62 239.81 239.53 239.24 238.96 238.52 237.76 236.69 234.53
262.44 262.27 263.54 264.72 265.21 265.59 265.97 266.35 266.3 265.81 265.73 265.65 265.31 265.24 265.24 265.32 265.28 264.32 263.49 262.8 262.32 261.49 261.07 260.5 259.84 258.42 257.68 257.01 255.96 254.38 252.76 251.59 249.78 247.82 245.75 243.96 242.47 242.68 244.16 244.4 244.84 245.3 245.94 247 246.55 246.59 244.21 243.17 240.86 241.54 242.99 224.67 222.43 222.43 238.92 239.25 238.73 238.77 238.73 238.67 238.39 238.04 237.91 238.1 238.34 238.58 238.58 238.3 237.91 237.38 236.56 233.98
262.88 263.04 263.98 265.44 265.75 266.1 266.48 266.86 266.78 266.38 266.04 265.54 265.1 264.96 264.96 265.01 264.89 264.8 263.94 262.76 261.36 260.67 260.14 259.72 259.26 258.33 257.56 256.81 255.6 254.11 252.21 249.23 247.78 246.79 245.27 244.77 245.36 245.88 245.09 245.14 245.62 246.1 246.19 246.4 247.11 246.24 245.21 244.58 243.26 240.24 233.74 222.06 222.43 237.58 237.09 237.44 237.48 237.57 237.52 237.32 237.04 236.68 236.47 236.59 236.82 237.06 237.3 237.54 237.29 236.76 235.78 232.75
265.35 265.31 265.27 266.18 266.64 266.7 267 266.75 266.31 265.87 265.48 265.31 264.88 264.68 264.67 264.62 264.5 264.44 263.78 262.58 261.34 260.46 259.84 259.46 259.04 258.3 257.54 256.75 255.55 254 252.26 248.69 247.97 248.83 248.35 248.38 248.61 246.94 245.78 245.92 246.4 246.28 245.63 245.24 245.33 243.66 243.49 242.4 240.43 234.73 221.53 221.51 233.76 233.63 233.28 235.51 236.18 236.36 236.25 235.97 235.69 235.32 235 235.07 235.31 235.55 235.79 236.02 236.26 236.11 234.79 231.99
267.25 267.36 267.47 267.52 267.55 267.59 266.51 265.88 265.46 264.97 264.64 264.63 264.67 264.39 264.34 264.23 264.12 264.05 263.59 262.64 261.98 261.25 260.43 259.69 259.07 258.51 257.78 256.91 255.77 254.23 252.95 252.21 251.19 250.63 250.41 250.48 250.13 247.67 246.41 245.7 245.03 244.38 243.72 243.31 242.82 242.25 241.41 240.24 238.21 225.37 221.3 223.33 233.8 230.61 232.76 234.1 234.62 235.13 234.9 234.62 234.34 233.97 233.54 233.56 233.79 234.03 234.27 234.51 235.23 235.31 234.07 231.89
268.3 268.3 268.3 268.3 268.11 267.5 265.99 264.97 264.48 263.98 263.73 263.68 263.49 263.77 263.68 263.77 263.66 263.26 262.68 262.52 261.88 261.03 260.37 259.76 259.13 258.68 258.07 257.01 256.24 254.93 253.97 253.3 252.17 251.72 251.35 251.33 248.83 246.96 245.23 244.37 243.48 242.6 241.71 240.69 240.17 239.29 238.33 237.19 235.41 223.35 220.07 221.6 224.5 224.78 230.34 230.9 232.26 233.03 233.55 233.27 232.99 232.61 232.19 232.09 232.28 232.52 232.9 233.62 234.31 234.46 233.66 229.61
269.53 269.17 269.06 269.12 268.43 267.43 264.8 263.82 263.45 263.02 262.7 262.42 261.89 262.03 262.12 262.22 262.42 262.08 261.64 261.65 261.67 260.91 260.29 259.67 259.16 258.49 257.66 256.66 255.78 255.15 254 253.06 251.83 251.35 250.11 248.37 246.62 244.7 243.55 242.44 241.29 240.35 239.46 238.06 238.03 236.99 235.95 234.91 233.87 230.99 220 215.63 215.61 222.63 223.32 223.97 224.67 229.09 231.04 231.79 231.64 231.25 230.83 230.62 230.76 231.29 232.01 232.72 233.23 233.37 232.85 227.83
270.77 270.4 270.11 269.64 268.87 267.13 263.89 263.23 263.1 262.83 262.37 261.7 261.3 260.99 261.28 260.93 261 260.73 260.76 260.81 260.73 260.6 260.18 259.57 258.67 257.59 256.95 256.27 255.25 254.07 252.79 251.94 249.84 247.74 246.9 245.73 244.28 242.57 241.8 240.85 239.7 238.55 236.74 236.07 236.59 236.32 235.28 234.24 233.23 231.07 226.64 216.94 215.12 214.95 214.95 222.44 223.24 224.16 224.68 230.67 230.55 229.88 229.46 229.25 229.69 230.4 231.11 231.83 232.15 232.22 230.34 226.51
271.14 270.4 270.09 269.58 269.01 267.26 265.13 264.08 263.42 262.88 262.01 261.4 261.38 261.63 261.56 260.95 260.68 259.37 257.55 259.14 258.88 258.56 259.18 258.25 257.07 255.99 254.91 253.96 252.29 250.51 249.39 247.99 246.46 244.31 243.31 242.39 241.61 240.58 240.06 239.26 237.98 236.42 235.75 235.41 235.39 235.65 234.61 233.57 232.61 230.78 227.57 225.92 224.49 214.95 214.64 214.43 220.82 221.94 223.06 224.37 229.37 228.54 228.07 227.99 228.67 229.5 229.97 230.36 230.45 230.29 227.27 225.57
271.24 270.4 270.02 269.42 268.93 267.83 267.24 265.66 264.33 262.22 261.65 261.12 261.18 261.75 261.64 260.46 258.96 257.56 254.68 255.75 257 256.46 255.31 254.81 253.76 252.93 251.55 250.47 249.13 246.6 245.84 244.66 242.81 242.29 241.61 240.82 240.03 238.22 238.04 237.69 236.18 235.31 235.21 235.04 234.68 234.6 233.94 232.9 232 230.13 227.83 226.09 224.58 223.08 218.39 214.36 214.3 217.56 221.29 224.87 228.25 227.36 226.71 226.8 227.56 227.84 228.24 228.32 228.22 228.45 224.46 225.33
271.28 270.1 269.68 268.7 268.17 267.99 268 266.78 263.92 261.51 260.8 260.37 260.41 259.76 259.11 258.12 256.63 254.73 253.67 252.56 253.63 252.38 251.49 251.46 250.64 249.82 248.54 247.04 245.14 244.31 243.56 242.51 241.23 240.53 240.04 239.25 238.41 237.19 237.12 236.5 235.48 235.22 234.91 234.78 234.21 233.76 233.22 232.24 231.38 229.66 227.99 225.75 224.2 222.82 222.2 220.53 214.32 214.19 214.9 225.15 227.45 226.46 224.13 225.62 225.81 226.2 226.38 225.99 225.72 224.58 224.29 228.39
269.37 268.12 267.16 265.9 265.33 265.17 265.07 264.77 261.93 259.84 259.04 258.74 258.57 257.33 256.31 255.66 254.46 253.17 253.09 250.31 250.38 249.71 249.44 248.45 247.66 246.7 245.79 244.17 243.12 242.26 241.4 240.19 239.67 238.99 238.3 237.68 236.6 236.23 236.04 235.74 235.35 235.14 234.82 234.51 234.01 233.28 232.5 231.73 231.04 230.08 228.45 225.6 223.83 222.55 221.72 220.87 220.51 213.92 213.78 213.96 226.01 224.8 223.39 222.36 223.71 223.17 222.38 222.19 222.97 223.56 225.47 227.79
266.2 265.6 264.36 263.06 262.49 262.35 262.2 261.84 259.87 258.11 256.93 257.02 256.76 255.88 254.64 253.4 252.22 251.97 251.88 250.76 248.87 248.17 246.74 245.75 244.62 243.91 242.93 241.83 240.98 240.15 239.38 237.54 238.01 237.42 236.74 236.06 235.87 235.72 235.74 235.66 235.24 235.01 234.79 234.38 233.96 233.21 232.47 231.82 231.22 230.61 228.6 225.94 223.83 222.26 221.41 220.48 219.36 218.97 213.71 212.99 224.07 223.16 222.31 221.08 220.45 220.17 220.61 221.66 225.01 227.41 227.46 228.19
262.82 262.84 261.57 260.25 259.67 259.49 259.2 258.6 256.63 255.06 255.06 255.38 254.94 254.42 253.18 251.95 250.72 249.76 249.46 248.89 247.83 244.57 243.82 243.47 242.19 240.71 240.27 239.21 238.56 238.14 237.24 236.06 236.15 235.71 235.44 235.52 235.44 235.58 235.71 235.54 235.31 234.5 234.5 234.35 234 233.47 233.04 232.27 231.64 231.06 229.79 226.86 224.38 222.21 221.17 219.58 218.23 217.43 212.99 212.99 222.17 222.66 221.61 218.66 219.33 220.2 223.15 224.4 225.94 226.99 227.53 227.41
260.19 260 259 257.46 256.28 255.97 255.68 255.1 253.95 253.56 253.22 253.25 253.12 252.68 251.73 250.59 249.68 249.08 248.66 248.29 247.13 245.12 242.95 241.65 240.38 239.3 237.15 236.73 236.31 235.64 234.59 233.96 233.95 233.93 234.04 234.87 235.02 235.02 234.85 234.82 234.79 234.51 234.21 234.24 234.03 233.72 233.49 232.92 232.31 231.74 231.1 228.1 224.92 222.55 220.69 218.95 217.09 213.14 212.99 212.99 220.32 222.04 221.55 218.11 217.58 221.49 225 225.75 227.08 226.8 226.6 226.3
258.09 257.49 256.45 254.58 253.48 253.32 253.3 252.85 252.22 251.89 251.64 251.55 251.51 251.26 250.97 250.26 249.71 249.12 248.53 248.09 246.97 245.27 242.87 241.92 241.39 239.66 238.03 237.15 236.74 236.16 235.35 235.12 233.81 232.65 231.91 233.81 234.24 234.09 234 233.97 233.93 233.94 234.06 233.95 234.07 233.88 233.75 233.46 233.08 232.47 231.8 230.06 227.03 224.19 220.83 219.01 216.99 212.83 212.2 212.29 216.91 220.06 222.27 218.34 217.28 220.86 226.73 227.61 227.32 226.02 225.04 225.14
256.32 255.5 254.09 253.03 252.51 251.89 251.75 250.72 250.82 250.77 250.69 250.6 250.52 250.62 250.57 250.32 249.73 249.2 248.4 247.89 246.81 245.23 243.63 242.37 241.65 240.46 239.38 238.69 237.94 237.11 235.98 235.54 234.95 233.83 230.48 230.44 232.84 233.18 233.15 233.12 233.15 233.24 233.56 233.6 234.08 234.04 233.97 233.75 233.69 233.28 232.73 231.84 229.53 226.32 221.26 220.3 218.83 217.68 212.22 211.89 210.99 211.55 223.19 217.57 216.08 221.71 226.34 225.09 224.3 224.91 225.15 224.98
254.63 253.26 251.96 251.2 250.82 250.45 249.99 248.95 249.08 249.7 249.73 249.65 249.64 250.33 250.37 250.54 250.18 249.28 248.39 247.87 246.79 245.5 244.71 244.19 243.24 241.93 241.02 240.01 239.11 238.13 237.27 235.91 234.62 233.32 231.99 228.89 230.56 231.34 232.31 232.37 232.45 232.54 232.98 233.33 233.85 234.19 234.07 234.11 234.19 234.15 233.68 233.18 232.36 230.84 227.1 225.37 223.67 221.96 219.07 211.67 210.9 210.49 211.02 215.88 213.51 220.95 224.65 223.28 223.23 224.03 224.82 224.76
