shetran-prepare-snow/examples/Haltwhistle50m/mindemasciiHaltwhistle_Burn.txt
ncols         300
nrows         220
xllcorner     366000
yllcorner     563000
cellsize      50
NODATA_value  -9999
[rows 96 to 127 of 220, columns 144 to 215 of 300]
245.28 242.89 241.26 240.16 238.83 237.47 236.14 234.9 234.2 234.01 233.81 233.4 232.79 232.7 233.22 233.47 233.74 234.77 235.41 235.05 234.66 234.3 233.94 232.6 231.96 231.04 230.25 228.99 228.64 227.38 226.56 226.56 226.36 225.43 225.49 224.11 224.12 223.43 223.24 223.07 222.98 223.04 223.14 223.31 223.06 222.9 223.03 223.29 223.62 223.7 223.78 223.96 226.56 226.4 226.12 225.92 226.03 226.89 226.43 226.62 226.86 227.45 228.4 236 241.09 240.05 239.05 238.28 237.41 236.79 235.48 233.85
242.07 240.01 238.15 237.05 235.94 234.67 233.33 232.45 232.34 231.69 230.98 230.62 230.29 230.59 231.06 231.53 232.56 233.59 234.77 235.4 235.01 234.61 233.84 232.64 231.94 231.99 230.84 230.6 230.98 231.57 232 229.34 228.17 227.61 227.04 225.6 224.09 222.99 222.78 222.84 222.94 223.11 223.31 223.51 223.22 222.77 222.64 223.05 223.81 224.13 225.66 226.62 227.53 227.31 226.71 226.53 227.28 229.11 233.21 235.83 236.49 239.9 238.82 237.75 237.03 235.85 235.05 234.28 233.48 232.56 231.32 229.88
237.71 236.8 235.04 233.94 232.83 231.73 230.53 230.4 230.3 229.97 229.26 228.56 228.21 228.54 229.32 230.35 231.38 232.41 233.61 234.84 235.44 234.85 233.85 233.85 237.64 238.08 235.18 233.88 233.02 232.36 229.54 226.89 225.97 224.89 224.23 223.93 223.11 222.75 222.76 222.91 223.11 223.31 223.51 223.72 223.46 222.89 222.67 223.35 224.42 225.27 226.3 227.12 229.1 232.19 236.37 238.56 245.38 246.01 243.92 239.72 237.99 236.75 235.46 233.53 232.4 230.84 229.97 229.54 229.53 229.51 229.03 228.56
233.35 232.44 232.19 231.4 230.42 229.43 229.07 228.57 228.25 228.14 227.54 226.42 226.44 226.76 227.99 229.18 230.22 231.49 233.7 234.61 235.65 240 239.5 239.13 237.98 235.34 232.44 231.02 229.59 226.79 222.8 222.09 222.93 222.94 222.83 222.47 222.56 222.74 223 223.08 223.32 223.52 223.72 223.92 223.7 223.42 223.94 224.54 225.62 229 234.22 240.92 247.71 249.24 245.84 243.29 241.67 238.63 236.11 233.23 231.96 231.3 229.32 228.78 228.05 228.2 228.54 228.81 228.95 228.82 228.4 228.19
229.95 229.52 229.39 229.33 228.57 227.83 227.91 227.78 227.05 226.32 225.81 224.64 224.59 224.53 226.84 228.06 229.5 231.52 237.86 237.92 237.76 237.44 236.78 235.89 234.91 232.61 229.7 228.15 226.16 221.47 221.29 221.45 221.78 222.02 222.55 222.31 222.82 223.16 223.34 223.37 223.54 223.78 223.92 224.08 224.07 226.25 229.66 232.65 240.39 249.92 248.77 245.91 243.02 240.68 239.03 237.2 234.96 231.09 228.9 228.67 228.63 228.66 228.63 228.8 228.09 228.16 228.31 228.29 228.4 228.1 227.78 227.75
227.36 226.76 226.6 226.46 226.47 225.2 225.14 225.3 223.43 222.7 221.33 221.31 221.82 223.4 226.69 230.7 233.01 232.94 233.02 234.13 234.38 234.05 232.84 232.27 231.47 229.92 225.45 221.16 221.13 221.14 222.21 226.46 225.83 225.45 225.96 224.76 224.52 224.46 224.23 223.67 223.67 224.24 227.21 229.85 232.33 236.9 239.58 245.72 242.84 242.37 240.68 238.41 234.95 233.96 232.4 230.57 229.65 228.88 228.77 228.86 228.85 228.69 228.7 228.82 228.22 228.19 227.96 227.75 228.07 227.73 227.62 227.67
224.76 224 223.84 223.68 222.26 221.68 221.62 222.21 220.25 219.76 220.56 221.97 231.09 230.79 229.51 228.9 227.81 226.92 226.9 228.98 230.39 228.89 227.29 225.25 221.61 220.88 221.01 221.36 222.51 228.96 229.35 228.86 228.49 227.99 228.11 227.7 227.65 228.11 229.34 231.05 232.91 236.46 239.49 241.02 245.37 244.6 243.86 241.92 240.75 238.98 236.47 233.97 232.04 231.21 229.84 229.83 229.84 229.34 229.1 229.11 229.31 228.98 228.73 228.82 228.4 228.28 228.28 230.97 233.19 236.35 238.25 240.55
222.34 221.27 220.42 220.16 217.41 216.81 218.05 217.3 217.67 219.48 226.99 226.16 225.12 221.87 220.7 220.1 218.54 216.94 217.71 218.62 220.88 221.41 219.77 220.53 220.81 221.36 225.43 231.21 231.5 231.17 230.62 230.64 230.7 230.43 230.51 230.74 232.34 234.18 236.48 240.12 243.02 244.71 243.71 242.78 241.96 241.32 240.59 239.22 238.06 236.45 233.64 232.53 231.54 230.83 230.53 230.15 230.16 229.92 229.49 229.29 229.53 231.13 231.99 234.48 240.16 243.34 242.94 241.58 240.97 242.38 243.59 246.28
220.86 218.78 216.15 215.46 214.3 215.53 215.29 214.11 218.21 220.56 222.45 222.17 216.19 212.37 213.36 214.82 215.87 216.61 217.75 218.44 219.41 219.04 219.72 226.14 233.22 233.01 233.3 232.77 232.5 232.38 231.68 231.56 231.82 232.45 232.78 233.62 236.21 245.11 244.79 244.47 244.16 242.48 240.29 239.31 238.51 237.87 237.38 236.61 235.35 233.75 233.29 232.08 230.92 230.63 230.69 230.42 230.45 230.67 233.96 238.75 243.32 246.81 246.35 245.4 244.51 244.33 244.19 243.95 244.55 246.68 248.5 250.73
215.28 213.88 213.18 212.29 212.77 213.19 211.99 211.99 215.6 214.58 211.78 211.32 210.53 212.04 220 221.95 223.76 225.63 226.81 228.07 230.18 232.1 233.63 234.4 235.1 235.07 234.36 233.61 233.27 233.2 232.78 232.42 233.57 238.43 239.87 240.65 242.86 244.11 243.56 243 242.43 241.36 239.35 238.14 237.21 236.53 236.19 235.97 233.84 233.7 233.21 231.81 230.8 230.58 231.6 236.47 241.25 244.29 245.29 245.82 247.26 247.37 246.79 245.95 244.93 244.73 244.84 245.81 248.84 251.13 253.75 256.24
211.32 210.78 210.44 211.01 212.64 212.5 210.22 207.83 207.49 207.52 208.23 209.58 210.32 220.17 222.43 224.63 226.23 227.2 229.29 230.99 232.4 233.98 235.36 235.64 236.38 236.82 235.67 234.98 236.12 238.93 241.05 242.71 244.04 243.67 243.56 243.26 243.28 243.79 243.67 243.09 242.52 241.51 239.53 238 237.1 236.21 235.64 235.2 233.96 234.01 234.6 235.05 236.45 240.49 243.58 245.38 245.85 246.37 247.33 247.95 249.27 249.23 248.58 246.61 245.87 246.74 250.35 252.93 254.96 257.3 259.96 262.22
208.44 208.98 210.34 211.07 212.44 211.13 206.87 205.92 207.38 211.82 216.12 217.02 219.77 223.53 225.84 227.61 229.36 230.59 232.18 233.87 235.13 236.34 237.22 237.19 238.76 239.6 241.97 246.68 246.26 245.26 243.96 243.85 244.42 244.58 244.46 244.1 243.56 243.6 243.84 243.27 242.7 241.74 239.81 239.8 238.93 238.06 236.96 235.99 235.81 236.79 238.51 240.46 243.19 244.29 246.07 247.77 247.93 248.44 249.23 250.06 251.33 251.43 254.79 257.54 257.8 258.27 258.66 258.88 260.12 260.98 263.03 264.14
205.87 207.19 211.3 211.37 207.45 205.01 205.38 206.13 212.28 213.1 217.72 220.21 222.79 226.32 228.84 231 232.73 234.7 236.01 236.88 238 240.8 243.49 246.82 249.13 250.74 249.68 248.11 247.82 247.46 246.72 245.41 245.29 245.5 245.36 244.95 244.34 243.85 243.93 243.45 243.05 241.97 242.01 242.17 241.8 240.74 240.56 240.47 240.67 242.76 244.73 246.37 246.5 247.37 248.57 249.22 250.94 255.36 259.23 260.17 260.12 261.58 261.5 261.66 260.86 259.21 258.14 257.74 257.66 258.6 259.34 261.06
206.06 208.46 211.57 210.36 204.01 203.95 205.47 208.84 212.81 216.23 219.71 223.16 225.84 229.08 231.69 234.3 238.04 242.66 246.64 249.97 251.84 252 252.58 251.97 250.89 249.88 248.79 248.11 247.82 247.46 247.08 246.7 246.59 246.42 246.25 245.8 245.19 244.58 244.09 243.85 243.85 244.61 245 245.85 246.41 246.74 247.4 248.33 249.02 250.52 251.3 251.09 251.94 257.15 262 263.89 263.99 263.24 262.59 262.92 262.75 261.75 259.37 259.22 258.39 257.02 256.2 255.77 254.98 254.97 255.37 256.54
206.27 208.17 209.8 210.11 203.54 203.71 206.03 210.12 214.52 218.26 221.08 225.61 229.27 233.8 243.16 248.56 248.5 247.95 248.15 248.94 249.95 250.71 251.36 251.16 250.3 249.43 248.6 248.18 247.82 247.46 247.47 247.82 247.87 247.53 247.34 247.5 247.07 247.03 247.74 247.82 248.21 248.95 250.71 252.57 254.44 255.75 256.96 257.49 259.23 260.88 264.97 265.92 266.77 266.71 265.92 264.92 263.34 261.82 261.28 261.18 259.95 258.7 257.6 256.26 255.44 254.9 254.17 253.54 252.76 251.73 250.94 250.89
204.4 206.36 207.77 209.13 203.03 203.07 207.11 211.76 216.43 220.73 224.49 231.24 242.24 246.93 245.72 244.07 244.09 245.06 246.76 248.31 249.9 250.71 251.14 251.16 251.03 250.91 250.83 250.27 249.88 249.38 249.22 249.48 249.15 248.88 249.43 250.12 251.12 251.84 252.2 253.6 255.09 256.38 258.26 260.27 264.73 269.14 271.28 270.96 270.94 270.68 269.93 270.08 269.14 268.23 266.87 264.68 262.42 261.26 260.73 260.05 259.28 258.47 257.69 256.42 255 254.65 254.22 254.57 254.2 253.01 249.63 249.85
202.58 204.21 206.44 205.92 202.23 203.01 208.03 213.75 219.44 225.06 233.23 241.77 242.46 241.94 239.76 239.7 242.18 244.85 247.05 248.62 250.31 251.94 253.08 253.73 254.31 254.18 254.15 253.65 253.02 252.52 252.46 253.08 253.18 253.32 254.32 255.5 257.54 258.15 260.52 264.7 269.72 271.96 273.28 274.35 275.69 276.08 275.91 275.5 274.88 273.94 272.78 271.65 270.68 269.55 266.45 263.94 262.05 261.27 260.67 259.67 259.1 258.4 258.32 257.65 256.72 255.49 253.82 253.21 252.78 250.46 246.92 249.43
200.64 202.3 204.07 201.17 201.62 205.72 210.42 214.85 225.17 231.57 236.55 238.17 239 240.15 239.61 239.76 243.49 246.34 248.54 250.44 252.36 253.97 255.39 256.19 257.31 257.48 257.47 257.14 256.9 257.77 258.73 259.71 260.68 261.27 261.38 262.2 268.76 275.4 278.3 278.7 280.14 280.53 279.76 279.78 279.2 278.7 278.54 277.45 276.32 275.32 273.91 273.07 271.72 269.4 266.25 263.59 261.98 261.58 261.12 259.22 257.56 254.7 253.75 254.06 253.43 250.73 250.13 249.49 248.87 246.92 245.59 246.44
199.03 199.16 200.33 200.76 205.25 208.6 216.63 224.16 229.3 233.95 235.59 236.73 238.83 240.39 241.33 242.89 245.8 248.63 250.68 252.52 254.4 255.99 257.58 258.69 259.81 260.8 260.8 261.72 262.63 264.64 265.04 267.86 269.52 273.31 278.32 280.67 283.04 284.16 284.07 284.06 285.49 284.81 284.26 282.65 281.58 280.08 279.13 277.32 275.58 274.21 273.21 273.25 272.42 270.04 267.47 265.13 262.44 260.36 256.45 255.65 253.83 250.94 249.11 249.26 248.18 245.9 245.16 244.16 243.5 243.73 243.19 243.73
199.07 198.97 200.33 205.45 210.98 219.39 230.86 230.58 232.86 233.9 235.73 237.07 239.56 241.11 242.7 244.3 248.07 250.93 252.81 254.64 257.31 258.85 260.43 262 263.31 265.44 267.35 269.04 273.52 278.44 281.01 282.74 284.04 285.44 286.97 288.01 288.82 289.66 289.51 289.42 289.37 288.03 286.39 284.3 281.68 279.6 278.74 277.26 275.01 272.48 269.11 268.22 267.1 265.22 262.59 259.69 257.24 254.73 251.78 250.07 248.33 246.68 244.63 243.84 243.49 242.97 242.76 241.83 241.71 242.09 242.48 242.38
198.97 202.07 206.71 212.52 221.34 225.98 227.66 231.7 233.36 234.83 237.24 239.7 244.1 246.44 248.78 249.92 252.39 254.12 257.03 260.04 262.35 264.21 265.36 268.55 271.26 274.25 278.07 280.12 283.3 286.05 287.75 289.76 290.79 292.18 293.23 293.45 293.97 293.8 293 291.61 290.02 288.35 286.88 285.36 285.1 284.08 280.78 276.08 271.88 267.71 263.34 261.58 259.83 257.49 255.11 253.3 250.92 248.21 246.27 244.12 243.83 244.09 243.92 243.32 242.93 242.27 241.69 240.89 240.82 241.1 241.3 241.45
205.1 205.93 210.33 213.71 220.79 224.15 230.6 235.08 236.85 239.53 243.93 246.38 249.27 252.6 255.27 257.57 258.34 259.82 262.07 265.66 269.87 272.81 274.07 277.1 279.26 280.56 283.56 285.54 288.45 290.82 292.84 294.88 296.09 296.52 296.83 296.46 296.14 295.43 294.13 293.75 292.14 289.13 286.6 282.56 278.88 275.32 270.88 266.99 264.37 260.91 257.83 255.86 254.14 252.24 249.93 247.17 243.32 242.71 242.78 242.98 243.23 243.36 242.99 242.35 241.62 240.98 240.41 239.96 239.94 240.19 240.08 240.16
211.99 215.69 219.93 223.72 227.83 230.89 235.64 239.38 242.17 245.49 249.26 251.8 253.82 256.54 260.17 261.22 261.88 264.81 271.97 276.41 278.82 279.71 279.7 281.4 282.9 284.69 288.18 290.97 293.12 295.08 295.75 295.63 297.93 298.46 299.03 298.62 298.57 296.41 291.93 289.05 285.82 282.67 278.52 274.88 270.5 266.56 263.58 260.51 257.8 255.85 252.64 249.87 247.91 246.89 244.72 244.02 242.97 242.74 242.55 242.54 242.69 242.62 241.98 241.33 240.53 239.77 239.57 239.57 239.57 239.57 239.57 239.57
214.42 218.11 224.25 230.1 234.42 238.13 241.39 244.79 247.81 250.25 252.96 255.25 257.84 260.85 263.5 266.75 270.88 275.85 278.88 280.06 280.59 281.36 282.15 283.65 285.24 287.83 291.91 293.85 295.07 297.04 297.65 298.66 299.66 300.41 297.37 294.52 291.12 287.36 283.94 280.13 275.75 272.63 270.21 267.62 264.1 261.49 258.77 255.64 252.09 248.31 247.78 246.68 245.64 244.58 243.95 243.37 242.8 242.54 242.26 242.09 242.1 241.72 240.95 240.32 239.61 239.57 239.57 239.57 239.57 239.57 239.57 239.57
218.51 220.82 226.5 233.66 237.85 242.6 246.77 250.45 253.42 255.96 256.85 259.02 263.13 267.8 271.32 274.65 277.68 278.95 281.2 281.74 282.03 282.6 283.78 285.62 287.89 290.74 292.22 293.32 294.76 296.11 299.7 297.59 294.59 291.34 287.77 284.7 281.18 277.47 273.34 270.51 268.16 266.47 264.77 262.56 259.19 256.42 253.75 250.94 248.57 246.99 246.41 246.18 245.58 244.66 243.84 243.26 242.63 242.4 242.11 241.75 241.56 240.88 240.1 239.57 239.57 239.57 239.57 239.57 239.57 239.57 239.57 239.57
221.68 223.62 228.42 235.17 241.52 246.35 251.25 255.16 258.23 261.11 263.15 266.7 269.35 272.53 276.02 278.37 280.83 282.25 283.2 283.5 283.91 284.86 286 288.27 290.79 292.01 292.17 292.32 292.74 291.14 290.65 287.95 285.21 280.99 276.76 274.4 270.75 269.02 267.05 264.4 263.21 261.09 259.24 257.49 254.34 251.45 249.19 248.33 247.66 246.95 246.52 246.34 245.73 245.46 244.95 244.87 244.62 244.25 244.67 243.13 241.01 240.58 239.67 239.57 239.57 239.57 239.57 239.57 239.57 239.57 241.31 244.92
222.66 225.18 230.58 237.93 243.27 249.89 255.27 259.88 263.83 266.6 268.79 271.75 274.12 277.34 280.3 282.31 284.32 285.61 286.54 287.04 288.07 289.59 290.29 291.04 292.05 291.49 291.52 289.13 286.48 284.21 281.24 278.02 275.75 274.17 271.34 268.76 266.29 264.52 263.28 260.63 258.22 255.91 253.62 252.2 250.74 249.79 248.82 248.84 248.3 247.75 247.34 248.24 250.4 251.61 250.85 249.73 248.22 246.52 242.89 240.9 240.93 240.78 239.92 239.57 242.54 249.71 265.9 270.76 269.17 265.86 261.05 253.77
223.12 228.15 234.34 241.24 248.87 255.65 259.97 263.89 267.58 271.46 274.46 276.72 279.49 283.16 287.02 289.84 290.22 289.86 289.55 289.74 290.12 290.48 290.91 290.76 289.09 286.82 284.27 282.33 280.86 278.67 276.53 274.67 272.16 270.2 267.02 264.65 262.31 260.32 259.05 257.76 256.14 253.57 251.72 251 250.79 249.93 251.86 256.64 258.63 257.63 254.16 251.84 249.1 247.43 246.86 246.25 244.91 243.74 241.71 240.9 240.76 241.1 251.89 273.93 270.21 267.23 263.69 262.69 263.21 260.23 253.88 247.12
225.12 233.04 241.15 247.76 253.02 257.37 262.38 266.83 271.15 275.73 280.37 282.64 286.93 290.17 292.2 291.99 291.64 291.16 290.74 290.46 290.66 291.15 290.7 288.59 286.87 285.23 283.3 280.88 279.47 277.9 275.5 273.64 271.63 268.67 266.2 263.58 260.2 258.55 258.05 257.07 256.05 254.48 253.88 254.33 256.09 258.8 257.84 256.2 254.03 251.22 247.75 245.38 246.03 246.4 246.96 246.36 245.14 244.19 243.59 242.57 248.11 268.33 269.12 266.36 262.88 258.92 254.12 252.81 246.89 245.55 244.23 244.25
231.21 239.58 245.55 251.37 256.66 261.88 265.5 270.59 275.34 280 284.68 288.95 292.12 293.27 293.32 293.15 293.14 292.46 292.05 291.65 291.37 291.78 290.43 288.6 287.34 285.66 284.79 282.64 280.87 280.11 279.42 275.77 271.63 270.87 265.4 263.17 261.37 262.18 263.65 263.65 263.64 263.61 261.29 256.55 254.35 252.53 250.79 248.92 246.76 243.96 244.01 244.61 246.02 246.45 247.59 263.64 257.8 251.45 254.5 247.02 249.2 262.44 261.14 258.55 255.95 252.03 245.23 244.71 241.82 242.18 241.11 237.49
240.07 245.18 250.28 255.49 260.66 265.84 270.42 274.07 279.19 283.69 287.98 291.24 293.15 294.42 294.43 294.32 294.65 293.76 293.43 293.56 294.49 293.7 293.93 292.8 292.07 291.79 291.32 288.61 286.59 286.14 286.11 283.61 279.74 277.86 276.16 276.01 275.57 273.26 272.66 271.61 269.06 262.8 249.43 244.87 243.72 243.57 243.7 244.42 243.95 244.05 244.25 244.73 253.4 255.1 254.55 259.42 258.65 248.08 247.14 244.81 241.92 245.46 252.67 250.94 248.15 242.13 240.58 239.98 238.77 235.55 231.52 230.26
245.33 250.26 255.24 259.82 264.96 270.02 274.3 278.32 282.26 285.39 288.2 291.03 293.08 294.48 295.02 295.48 295.93 296.19 297.19 299.57 300.77 302.12 303.04 303.16 302.32 301.81 300.6 299.29 298.31 297.3 296 293.34 289.63 286.4 283.69 280.65 278.34 276.09 273.41 270.49 266.27 252.73 243.51 243.44 243.32 243.64 244.05 246.94 251.53 266.96 264.51 263.16 260.72 254.82 251.65 252.08 250.51 245.71 241.67 243.03 235.81 234.29 243.9 242.19 238.4 237.13 236.41 233.99 231.72 230.83 230.36 228.98
