shetran-prepare-snow/examples/Haltwhistle50m/mindemasciiHaltwhistle_Burn.txt
ncols         300
nrows         220
xllcorner     366000
yllcorner     563000
cellsize      50
NODATA_value  -9999
[rows 128 to 159 of 220, columns 72 to 143 of 300]
223 221.99 221.34 221.14 220.63 220.08 218.87 216.59 216.76 217.23 217.55 216.27 215.43 214.28 214.49 216.2 216.74 217.24 217.44 217.24 217.3 216.95 216.33 217.25 219.37 221.64 222.46 221.35 219.21 216.67 213.81 210.5 206.14 201.79 199.41 196.89 193.77 189.97 186.02 184.55 184.56 184.8 185.5 184.77 184.42 186.71 188.18 187.33 186.34 186.01 186.08 186.45 186.78 187.08 191.1 194.78 196.84 198.42 199.21 199.84 202.01 203.85 205.96 207.02 208.74 211.64 216.19 221.7 224.43 232.02 237.8 242.48
223.56 222.27 221.91 221.18 220.85 219.9 219.45 218.71 219.49 221.49 221.69 222.82 222.7 222.64 222.65 223.51 223.6 222.75 222.49 221.19 220.77 220.01 218.89 217.12 217.3 217.55 215.38 213.02 210.06 207.1 203.67 200.38 196.74 192.29 189.98 188.01 184.67 182.96 181.84 181.71 182.3 183.43 184.13 184.44 183.31 184.61 183.81 183.97 184.81 185.46 185.81 186.36 188.99 191.38 196.63 200.56 202.92 202.86 202.78 202.86 203.5 204.28 206.11 208.41 212.5 217.03 222.22 227.34 232.64 237.33 241.8 244.73
224.17 223.75 224.36 224.86 224.68 224.11 223.23 223.71 225.17 226.4 226.99 227.94 229.88 230.23 231.89 231.78 230.27 228.57 226.92 224.54 223.57 221.77 218.77 215.34 212.86 210.93 208.69 205.87 202.83 199.42 195.33 191.87 187.93 183.59 182.5 182.48 182.27 181.38 180.8 181.17 181.74 182.23 182.6 183.23 183 183.29 183.5 183.67 184.8 185.57 186.68 189.14 193.4 197.87 201.32 204.74 205.84 205.12 204.83 204.75 204.6 205.45 206.86 210.77 214.72 219.74 225.43 231.26 237.07 242.01 245.45 248.75
226.55 227.85 228.07 228.99 228.3 227.2 227.37 229.66 231.56 233.16 235.77 236.69 238.79 239.22 237.13 233.28 231.04 228.88 226.5 222.4 219.48 216.89 214.51 212.12 205.41 204.34 201.56 198.67 196.02 192.45 188.54 184.03 181.85 180.67 180.71 180.55 180.57 179.79 180.02 180.86 181.29 181.48 181.92 182.33 182.73 183.21 184.32 185.13 185.96 187.08 189.98 193.73 197.39 200.32 203.35 205.7 204.81 203.89 203.56 203.49 204.48 205.81 207.28 211.42 215.68 220.28 226.76 233.03 239.56 244.81 249.4 253.22
233.17 233.2 233.11 231.37 229.91 228.4 228.31 229.12 231.34 233.81 235.97 238.02 240.25 238.02 234.5 230.72 228.1 224.92 221.85 218.28 214.77 212.04 209.63 206.87 202.14 197.58 194.67 192.15 189.98 187.88 185.03 181.69 180.55 180.06 179.9 179.88 179.69 179.8 182.95 181.98 181.87 182.12 182.46 182.96 183.91 184.47 185.39 186.34 187.81 191.5 196.16 197.03 199.97 201.63 203.46 204.07 203.43 202.88 203.17 203.42 204.49 205.71 207.66 212.02 217.21 223.48 230.14 236.28 243.09 248.92 254.74 258.19
234.23 232.95 231.48 229.76 228.38 226.99 226.81 227.6 229.87 232.4 234.32 236.12 235.17 233.28 230.17 226.71 223.17 219.99 216.98 214.07 210.44 207.25 204.64 201.52 198.09 194.19 191.33 189.25 187.27 185.59 183.34 181.09 180.28 179.62 179.22 179.16 179.29 182.73 183.25 183.78 183.01 182.91 183.32 184.1 184.85 186.38 187.53 188.69 192.67 197.68 199.79 199.88 200.97 201.18 201.27 201.73 202.09 201.9 202.62 203.46 204.43 206.63 209.37 214.13 219.43 226.81 233.55 238.69 243.63 248.76 252.5 256.06
235.53 232.64 231.16 229.58 228.25 227.05 226.57 225.81 229.4 232.22 234.25 233.52 230.6 227.61 224.34 221.78 218.23 215.06 212.12 209.2 206.12 203.4 200.02 197.04 194.21 191.48 189.26 187.29 186.25 184.93 183.08 180.83 180.05 179.31 178.61 178.56 179.69 181.05 181.69 182.42 182.8 182.99 184.12 185.06 186.12 188.22 189.77 191.48 195.64 197.3 198.33 199.39 200.11 200.27 199.47 200.37 201.94 201.93 203.13 204.63 206.77 209.71 212.45 216.94 222.45 228.22 232.72 237.97 243.23 249.23 252.81 257.28
236.91 234.62 233.48 232.15 230.81 230.35 226.87 222.88 227.69 229.74 229.85 227.45 224.48 221.58 218.58 216.06 213.54 210.16 207.25 204.61 202.59 200.53 197.41 194.63 191.82 189.71 187.5 186.34 185.18 183.85 182.53 180.56 179.78 179.08 178.43 178.43 180.23 180.87 181.51 182.15 182.73 183.79 184.92 186.02 187.78 189.21 190.82 192.73 194.93 195.4 196.11 197.5 198.2 199.07 200.2 201.6 203.86 204.15 205.85 208.3 211.21 214.22 218.48 223.62 226.32 228.93 233.35 240.48 247.1 256.32 264.58 270.7
234.96 232.48 230.28 229.58 228.31 228.02 226.04 219.8 222.01 223.65 222.13 220.9 218.33 215.84 213.89 211.09 208.29 205.56 203.07 200.58 199.06 197.55 194.91 192.15 189.5 188.26 186.05 184.16 184.25 183.21 181.78 180.35 179.33 178.58 178.62 179.38 180.81 181.51 182.15 182.79 183.73 184.54 185.68 186.9 188.67 189.5 191.29 193.22 195.12 195.15 195.96 197.73 199.5 201.03 202.79 204.25 205.66 207.34 208.95 212.69 216.11 218.56 219.16 221.73 225.42 230.42 240.33 251.38 258.5 265.53 271.46 277.42
228.2 226.77 225.85 225 223.52 221.53 219.84 216.85 216.29 216.8 215.84 214.97 213.52 211.15 209.72 206.58 202.98 200.99 199.35 196.4 194.69 193.81 191.3 189.67 188.68 185.58 184.58 184.43 185.3 184.15 182.48 180.39 178.6 178.22 178.79 180.18 181.49 182.3 182.95 183.89 184.81 185.27 186.62 187.82 188.53 190.12 191.81 193.83 195.91 196.02 196.79 198.84 200.73 202.37 202.92 204.32 206.61 209.18 211.84 214.38 216.73 217.97 219.08 223.07 231.84 242.69 251.14 256.88 261.96 270.97 278.5 281.68
225.61 223.27 221.27 220.18 219.13 218.01 216.47 215.47 213.98 212.71 211.72 211.2 210.09 206.26 204.91 203 201.44 198.93 198.43 196 194.98 192.22 190.88 189.49 187.84 186.66 187.53 187.31 187.24 186.17 183.4 180.54 177.88 177.88 179.61 180.9 182.2 183.07 183.91 185.35 186.79 186.53 186.64 187.77 188.58 190.58 191.45 194.07 197.02 198.11 198.88 198.36 198.89 199.72 200.66 204.65 208.36 212.27 215.36 217.42 219.09 222.13 230.16 237.43 243.28 248.9 254.39 259.34 270.71 272.32 271.87 274.66
223.52 221.61 220.46 218.59 217.6 216.43 215.01 214.19 213.1 211.37 210.33 210.65 209.45 206.67 205.67 203.81 202.04 200.53 198.77 198.26 197.99 196.85 195.38 194.51 191.88 190.26 189.58 189.76 188.98 187.09 184.11 180.45 177.36 177.09 179.17 181.05 184.21 185.99 187.18 188.48 188.51 184.89 184.73 185.74 187.03 189.4 191.3 193.6 194.78 196.37 196.45 196.85 197.62 199.39 202.05 206.07 211.12 215.42 218.63 221.49 225.48 231.16 234.04 237.05 240.63 245.61 257.13 271.87 269.26 267.71 268.99 270.03
221.97 220.43 219.35 217.9 216.7 215.28 213.85 212.75 212.22 210.46 209 208.51 208.3 207.31 206.18 204.8 203.23 200.36 200.23 200.31 200.19 199.93 198.89 197.22 195.28 192.82 192.48 190.99 189.1 187.39 185.19 180.89 176.23 176.72 181.89 185.08 187.5 189.39 190.09 188.28 185.2 184.21 184.39 185.67 186.97 189.04 189.39 189.8 191.72 194.42 196.31 197.61 201.93 204.94 209.79 212.9 217.28 221.52 223.35 225.87 228.19 230.31 232.92 236.22 239.76 245.75 253.45 259.42 261.77 261.43 263.71 268.54
221.03 219.72 218.64 217.61 216.47 215.05 213.62 212.36 211.35 209.5 207.92 206.91 206.44 206.51 206.09 204.87 203.92 202.73 202.48 202.39 202.44 201.66 199.95 198.31 196.59 194.97 193.61 192.16 190.32 188.43 185.72 180.94 175.61 176.02 177.99 187.76 189.4 189.01 186.6 183.94 182.01 182.17 184.86 187.19 188.23 187.99 185.66 187.8 191.82 195.81 198.33 200.5 203.94 208.47 213.36 218.3 225.98 233.28 233.08 233.56 232.57 232.48 233.18 238.75 255.33 253.51 253.59 259.17 259.28 256.74 258.05 257.81
222.04 220.52 219.44 218.39 217.56 216.55 215.12 213.32 211.26 209.03 206.88 206.69 206.62 207.61 208.87 208.75 207.17 205.99 205.76 205.06 203.41 200.69 198.43 197.16 197.01 195.6 194.53 193.23 191.54 189.43 186.42 181.29 175.51 175.12 176.57 186.69 185.71 184.52 182.34 179.49 179.03 179.1 181.9 187.15 183.13 182.28 183.35 184.81 188.31 192.47 197.04 200.77 215.24 237.18 239.48 240.15 239.91 240.95 241.47 240 240.34 236.53 236.27 240.7 243.01 249.98 250.29 248.86 249.68 247.98 246.37 245.76
221.97 220.69 218.95 217.07 214.55 213.54 211.27 209.24 207.83 205.72 203.89 204.2 205.76 207.12 207.56 207.28 205.18 202.79 201.97 200.36 198.79 197.2 196.54 196.12 196.22 194.39 195.18 194.07 191.9 189.18 186.42 183.53 176.09 174.69 176.19 182.22 181.6 180.73 178.6 178.15 178.08 178.85 179.46 179.77 180.63 181.94 183.58 185.54 204.08 216.2 216.55 216.01 218.26 225.03 224.72 227.24 226.89 228.03 229.29 228.37 229.02 229.92 230.03 238.75 235.94 231.5 232.17 235.54 234.44 234.46 234.64 234.07
213.44 212.66 211.82 211.07 207.79 206.11 204.95 204.03 203.04 201.29 198.75 199.19 201.5 202.64 203.21 203.84 201.09 199.02 197.33 195.69 194.08 193.03 192.58 192.68 192.93 193.38 193.23 192.46 190.64 187.72 185.09 182.83 179.11 174.52 174.75 177.52 178.77 178.73 176.7 177.03 177.9 178.71 179.41 180.76 199.35 201.93 202 202.17 202.52 202.77 206.16 205.43 205.82 210.23 211.75 212.49 213.83 213.86 216.08 216.9 218.72 220.02 223.09 226.38 225.37 225.28 225.94 226.12 226.72 226.54 227.11 226.83
204.44 203.9 203.21 202 200.25 198.79 198.81 197.8 197.26 196.21 193.88 194.31 196.82 197.58 198.93 199.28 196.65 193.87 192.27 190.72 189.63 189.01 189.46 189.98 190.49 190.99 191.48 190.93 187.75 186.27 183.85 182.46 179.42 176.53 174.9 175.78 176.07 176.27 176.5 177.22 178.45 194.36 192.16 192.04 191.97 193.41 194.41 195.5 196.5 197.76 199.33 201.06 202.97 204.84 205.29 207.21 209.04 210.79 212.21 214.17 216.33 218.88 220.56 221.09 221.91 223.06 224.34 225.04 225.64 225.56 224.7 224.01
195.76 194.29 193.4 191.98 191.24 191.26 192.51 191.78 191.55 191.95 190.92 191.37 192 191.98 192.47 192.57 190.69 188.64 187.05 185.47 185.34 185.4 186.88 187.91 188.17 188.4 187.65 186.25 185.16 183.55 181.99 180.16 176.52 174.67 174.72 175.8 173.65 173.65 178.25 188.41 188.52 190.2 190.31 189.97 191.22 192.88 194.01 195.16 198.18 198.83 199.19 198.95 199.12 201.4 205.1 206.87 209.96 211.4 213.46 216.75 221.25 222.83 223.17 225.81 227.58 227.48 227.82 227.16 225.95 224.48 223.14 222.45
188.78 187.45 187.01 187.07 185.82 185.02 185.09 185.68 186.44 186.87 188.3 188.72 189.25 188.98 188.47 187.02 185.41 183.34 181.72 180.47 180.49 182.95 184.37 185.53 184.78 184.04 182.83 181.55 180.91 179.74 178.76 175.98 174.55 174.38 173.65 173.65 173.65 173.65 180.44 187.38 185.79 186.99 187.77 187.62 189.72 189.81 190.19 191.96 193.96 193.61 194.59 196.21 198.4 202.07 205.14 208.64 212.24 213.86 215.95 218.63 223.13 224.86 228.23 228.88 229.18 228.5 227.19 225.75 224.79 223.31 222.73 222.07
186.26 184.83 184.43 184.5 184.58 184.56 184.2 184.26 184.56 184.78 185.74 187.02 186.71 186.3 185.88 185.03 182.6 181.09 179.86 179.3 179.21 182.59 184.27 184.01 182.77 181.53 180.73 179.45 176.79 174.69 173.17 173.13 174.44 175.87 173.65 173.65 173.65 173.65 180.12 180.02 180.44 181.25 182.91 184.13 185.83 187.07 188.07 189.37 191.04 192.86 194.72 196.66 199.81 203.93 206.65 211.38 214.14 217.27 219.61 222.35 225.88 227.4 229.26 229.2 228.8 227.11 225.31 224.35 223.59 222.96 222.76 222.14
185.58 184.88 184.45 184.51 184.97 185.24 183.97 183.85 184.56 183.83 184.51 185.47 184.74 184.2 183.67 183.16 182.68 181.67 180.56 179.28 179.06 180.36 182.07 181.55 180.31 179.07 178.46 177.5 175.35 173.48 172.74 174.15 177.17 176.32 176.46 173.65 174.28 178 178.71 179.51 180.1 181.07 182.01 184.5 186.02 187.02 188.34 190.29 192.17 194.7 197.2 200.53 204.91 208.08 210.49 214.34 217.54 220.13 222.44 226.07 228.11 229.93 229.08 228.89 228.1 225.94 224.77 224.07 223.31 223.04 222.96 222.7
185.73 185.26 184.57 184.54 185.5 186.21 184.77 184.3 184.38 182.9 183.63 184.19 183.56 182.52 181.99 181.53 181.78 182.64 181.41 180.14 179.46 178.79 178.63 178.9 177.85 176.61 176.19 175.42 174.65 172.99 172.39 174.02 174.52 174.72 175.43 177.08 177.49 178.23 179.18 180.52 182.04 182.69 183.82 186.11 186.95 188.32 189.91 192.1 195.26 198.82 202.43 204.99 207.55 209.65 213.31 217.41 220.26 222.96 225.82 227.41 229.01 229.94 229.03 228.12 227.61 226.15 225.68 225.86 225.69 225.36 225.86 225.87
186.28 186.28 186.2 186.09 186.27 186.33 184.17 182.91 181.88 181.99 181.49 181.65 181.75 181.21 180.2 179.92 180.3 182.2 182.17 181.15 179.79 178.68 176.63 176.07 175.14 174.15 174.18 174.13 173.45 171.74 171.73 172.74 173.36 174.01 175.97 177.52 178.49 179.75 180.99 182.64 184.14 185.05 186.28 187.42 188.25 189.61 191.87 194.69 197.51 200.86 205.09 208.18 211.06 214.19 217.52 220.29 223.07 225.77 227.49 229.19 230.52 231.39 230.5 229.38 226.77 227.79 228.67 228.3 227.6 229.3 229.65 228.62
182.98 183.4 184.55 184.53 184.32 182.27 181.53 180.85 180.72 180.86 180.76 180.59 180.42 180.22 179.95 179.73 180 181.06 182.12 181.43 179.73 178.07 176.41 174.74 174.15 173.62 172.98 172.86 172.22 171.03 171.33 172.99 176.04 177.49 177.84 178.88 179.74 181.27 183.33 184.76 186.2 187.15 187.9 188.68 190.04 192.48 195.78 199.26 201.71 204.18 207.89 212.69 216.14 219.06 221.41 223.75 225.69 227.49 229.47 230.69 231.92 233.61 233.81 233.72 233.69 234.37 233.84 232.4 230.03 229.59 232.52 231.71
182.93 182.77 182.72 182.54 182.1 181.63 181.09 180.89 180.85 180.98 180.52 180.2 180.82 180.34 180.21 180.06 180.24 180.9 182.05 180.86 179.34 177.63 175.92 174.33 174.31 173.62 173.04 173.11 173.02 170.94 170.85 170.77 174.2 179.84 180.85 181.92 182.79 183.5 185.65 187.29 187.04 187.73 188.76 190.88 193.36 195.84 199.02 203.78 207.26 209.74 214.21 218.59 220.7 221.94 222.41 222.5 223.44 225.77 227.88 229.43 229.67 229.51 229.53 230.02 230.57 232.25 234.42 233.98 233.86 233.16 232.1 231.78
183.05 182.86 182.78 182.73 182.3 181.94 181.48 181.1 181.06 180.85 180.43 180.18 180.79 180.97 180.54 180.04 179.97 180.72 181.68 181.1 179.83 177.93 175.14 174.81 176.58 177.59 179.06 179.15 178.44 176.95 171.09 170.66 171.2 171.96 179.79 185.51 186.25 187.67 188.23 187.55 187.43 188.23 189.21 192.99 196.72 199.22 202.56 206.74 210.29 213.82 215.67 216.5 216.37 216.86 217.35 217.86 218.45 221.02 222.85 223.2 223.28 223.16 223.07 223.94 226.8 229.57 231.71 231.87 230.44 230.06 230.59 231.26
183.16 182.98 182.9 182.88 182.77 182.5 182.13 181.64 181.25 180.93 180.7 180.59 180.73 180.74 180.58 180.02 179.7 179.78 179.68 179.79 179.8 179.46 176.44 176.85 179.18 181.08 182.29 181.8 181.05 180.26 174.71 170.53 168.76 168.81 170.91 177.41 185.98 188.12 187.85 187.08 187.3 188.51 191.29 195.1 199.1 202.75 204.27 205.49 207.54 209.07 210.84 211.91 212 212.06 212.64 213 214.26 217.56 220.26 219.18 217.19 217.75 218.79 221.31 226.44 227.85 229.75 231.22 229.22 229.14 229.4 230.59
183.27 183.1 183.03 183.01 183.32 183.05 182.77 182.33 181.88 181.68 181.43 181.17 181.22 181.06 180.89 180.8 180.38 179.98 179.58 179.33 178.92 178.38 178.04 180.51 182.11 183.26 184.4 185.06 185.15 184.88 182.42 179.14 170.16 168.83 168.8 168.8 182.93 187.48 186.32 186.24 187.17 189.41 193.73 197.01 199.89 201.29 202.46 204.32 206.69 208 209.99 211.23 211.56 212.61 212.89 213.26 214.36 217.62 219.17 217.26 215.39 215.72 218.09 221.66 226.69 230.02 232.34 232.02 231.31 231.06 230.3 230.71
183.38 183.21 183.15 183.29 183.87 183.6 183.32 183.03 182.8 182.36 181.81 181.45 181.83 181.45 181.33 181.4 181.96 183.04 182.72 182.32 181.91 181.92 183.09 184.07 184.38 185.53 186.45 186.94 185.48 185.13 184.39 182.84 180.82 169.54 168.57 168.37 181.16 185.41 182.72 184.2 187.16 189.86 192.57 194.74 199.78 201.41 205.1 206.62 209.21 213.15 216.16 218.63 219.27 218.03 216.58 215 215.16 216.4 217.43 217.07 217.24 218.04 219.08 222.7 228.38 230.43 232.57 233.16 233.3 234.07 235.83 236.63
183.71 183.44 183.41 183.87 185.37 186.06 186.74 187.24 187.2 186.57 186.71 187.3 186.9 186.72 187.41 188.1 188.51 187.67 187.62 187.61 186.15 185.62 185.66 186.8 187.01 187.8 188.41 187.52 186.55 185.54 185.25 185.33 182.88 178.73 168.69 168.28 170.7 176.41 178 184.2 187.4 191.52 191.84 198.52 200.27 202.68 203.94 206.47 210.4 216.59 220.01 222.11 223.75 222.66 221.34 219.28 216.92 216.51 216.81 216.99 215.66 217.48 220.52 224.47 229.21 231.3 233.97 234.13 237.07 239.92 241.72 242.82
186.75 185.01 186.59 188.95 190.21 191.01 192.06 192.73 191.94 191.81 192.73 192.57 192.88 193.33 194.66 195.55 195.59 194.36 192.91 192.89 190.47 189.33 189.35 189.41 189.53 189.73 190.04 189.31 187.64 185.5 183.68 182.45 180.33 177.7 171.68 168.09 168.78 173.34 179.95 184.56 189.81 193.91 196.48 198.06 200.5 205.95 210.11 214.41 219.09 222.21 226.39 229.65 228.99 229.29 228.07 226.07 223.96 223.49 221.9 219.38 215.07 219.23 223.54 227.67 231.32 235.69 239.62 239.32 244.95 246.15 247.61 248.91
